Date/Time	Green Algae	Bluegreen	Diatoms	Cryptophyta	Yellow substances	Total conc.	Transmission	Depth	Temp. Sample	Comment
date	µg/l	µg/l	µg/l	µg/l	r.u.	µg/l	%	m	°C	
7/19/2021 10:09	4.61	0.62	2.21	3.34	1.97	10.78	38.93	1.57	--	
7/19/2021 10:09	5.66	0	0.86	4.07	2.09	10.59	36.02	1.56	--	
7/19/2021 10:09	4.58	0.03	1.11	4.63	2.13	10.35	35.81	1.54	--	
7/19/2021 10:09	2.88	1.83	5.14	1.07	1.94	10.92	38.93	1.57	--	
7/19/2021 10:09	3.51	0.21	2.42	3.92	2.1	10.06	35.93	1.58	--	
7/19/2021 10:09	4.87	0.35	1.87	3.47	2.06	10.55	36.49	1.58	--	
7/19/2021 10:09	3.83	0.23	2.2	4.11	1.98	10.38	39.35	1.59	--	
7/19/2021 10:09	3.27	0.73	3.33	2.83	2.13	10.16	36.85	1.6	--	
7/19/2021 10:09	1.79	1.18	4.57	2.14	2.08	9.68	40.08	1.62	--	
7/19/2021 10:09	3.13	1.28	4.59	2.22	1.87	11.22	36.58	1.62	--	
7/19/2021 10:09	3.86	0.01	2.13	4.23	2.06	10.24	38.06	1.64	--	
7/19/2021 10:09	4.05	0.87	2.65	3.3	1.89	10.87	37.05	1.65	--	
7/19/2021 10:10	4.24	0.48	2.83	3.25	1.99	10.79	36.14	1.65	--	
7/19/2021 10:10	2.41	0.48	4.09	3.14	1.99	10.13	36.95	1.66	--	
7/19/2021 10:10	3.1	1.07	3.47	2.41	2.08	10.04	36.89	1.81	--	
7/19/2021 10:10	2.84	0.89	3.81	2.53	2.01	10.07	35.85	1.95	--	
7/19/2021 10:10	3.35	0.94	3.75	2.37	1.97	10.41	36.67	2.02	--	
7/19/2021 10:10	3.21	0.83	3.52	2.56	1.99	10.12	36.09	2.08	--	
7/19/2021 10:10	3.33	0.92	3.6	2.5	1.92	10.35	35.57	2.05	--	
7/19/2021 10:10	2.92	0.75	3.28	2.89	2	9.85	35.85	2.07	--	
7/19/2021 10:10	2.88	0.84	3.45	2.71	2.01	9.88	35.4	2.09	--	
7/19/2021 10:10	3.31	0.72	3.08	2.97	1.98	10.09	35.57	2.09	--	
7/19/2021 10:10	2.95	0.55	3.16	3.1	2.01	9.75	35.89	2.09	--	
7/19/2021 10:10	2.97	0.82	3.64	2.53	1.98	9.97	36.08	2.11	--	
7/19/2021 10:10	3.05	0.79	3.5	2.67	1.99	10.02	35.67	2.1	--	
7/19/2021 10:10	3.12	0.86	3.45	2.64	1.99	10.07	35.76	2.07	--	
7/19/2021 10:10	3.05	0.72	3.29	2.89	1.98	9.94	36	2.08	--	
7/19/2021 10:10	2.69	0.9	3.79	2.5	1.97	9.88	36.04	2.07	--	
7/19/2021 10:10	2.98	0.79	3.43	2.62	2.02	9.82	35.51	2.07	--	
7/19/2021 10:10	2.96	0.96	3.75	2.35	1.96	10.02	35.64	2.08	--	
7/19/2021 10:10	3.23	0.78	3.27	2.75	1.99	10.02	35.57	2.09	--	
7/19/2021 10:11	2.94	0.84	3.49	2.61	1.99	9.89	35.81	2.1	--	
7/19/2021 10:11	3.16	0.82	3.34	2.66	1.98	9.99	35.43	2.07	--	
7/19/2021 10:11	2.86	0.7	3.43	2.78	1.98	9.77	35.93	2.05	--	
7/19/2021 10:11	2.71	0.87	3.76	2.52	1.99	9.86	36.17	2.08	--	
7/19/2021 10:11	2.96	0.72	3.68	2.63	1.93	9.99	35.87	2.13	--	
7/19/2021 10:11	4.14	0.99	3.55	2.03	1.93	10.71	35.87	1.66	--	
7/19/2021 10:11	0	0	0.97	0.61	0.05	1.58	79.35	1.16	--	
7/19/2021 10:11	0	0	0	0.12	0	0.12	95.17	1.12	--	
7/19/2021 10:11	0.44	1.41	0	0	0	1.85	100	1.12	--	
7/19/2021 10:11	0.49	0.9	0	0	0	1.39	75.58	1.12	--	
7/19/2021 10:11	0	1.22	0	0	0	1.22	61.13	1.12	--	
7/19/2021 10:11	0	0	0	0	0.29	0	54.28	1.12	--	
7/19/2021 10:11	0	0.38	0	0	0	0.38	28.9	1.12	--	
7/19/2021 10:11	0	0	0	0	0.21	0	32.27	1.12	--	
7/19/2021 10:11	0	2.19	0	0	0	2.19	52.23	1.12	--	
7/19/2021 10:11	0	0.89	0	0	0	0.89	33.2	1.12	--	
7/19/2021 10:11	0	1.55	0	0	0	1.55	37.42	1.12	--	
7/19/2021 10:46	2.37	4	4.88	0.53	0.82	11.78	28.61	1.41	--	
7/19/2021 10:46	5.65	0.62	3.13	3.62	1.62	13.02	27.89	1.61	--	
7/19/2021 10:46	3.88	1.25	6.19	1.76	1.45	13.08	27.1	1.66	--	
7/19/2021 10:46	5.75	1.24	4.62	2.27	1.43	13.88	28.28	1.65	--	
7/19/2021 10:46	5.26	1.75	4.98	2	1.49	13.98	26.96	1.64	--	
7/19/2021 10:46	3.74	1.53	6.16	1.98	1.42	13.4	28.19	1.65	--	
7/19/2021 10:46	4.15	1.11	4.91	2.64	1.59	12.8	28.28	1.66	--	
7/19/2021 10:46	5.57	1.12	4.49	2.73	1.43	13.92	28.04	1.65	--	
7/19/2021 10:46	4.92	0.61	4.04	3.55	1.53	13.12	26.61	1.67	--	
7/19/2021 10:46	3.77	0.48	5.01	3.29	1.51	12.55	28.42	1.64	--	
7/19/2021 10:46	5.45	0.7	3.94	3.25	1.48	13.34	28.12	1.66	--	
7/19/2021 10:46	3.99	0.81	4.52	3.63	1.51	12.96	27.81	1.65	--	
7/19/2021 10:46	4.69	1.34	5.34	2.23	1.48	13.6	27.89	1.67	--	
7/19/2021 10:46	4.38	0.41	3.75	4.14	1.6	12.68	28.42	1.69	--	
7/19/2021 10:46	4.5	0.66	4.39	3.27	1.57	12.83	26.06	1.68	--	
7/19/2021 10:46	5.56	0.49	3.81	3.93	1.5	13.78	27.92	1.68	--	
7/19/2021 10:46	4.82	0.96	4.45	3.2	1.52	13.42	28.06	1.68	--	
7/19/2021 10:47	4.69	0.63	4.38	3.58	1.47	13.28	26.51	1.68	--	
7/19/2021 10:47	5.33	0.57	3.96	3.48	1.53	13.34	26.82	1.69	--	
7/19/2021 10:47	5.22	0.76	4.07	3.41	1.51	13.47	25.85	1.72	--	
7/19/2021 10:47	4.71	0.87	4.65	3.08	1.5	13.32	27.22	1.93	--	
7/19/2021 10:47	5.07	0.78	4.35	3.18	1.5	13.37	27.17	2.13	--	
7/19/2021 10:47	5.05	0.89	4.57	2.98	1.48	13.49	27	2.16	--	
7/19/2021 10:47	4.97	0.88	4.68	2.91	1.48	13.44	27.05	2.19	--	
7/19/2021 10:47	4.88	0.77	4.36	3.18	1.52	13.19	26.93	2.2	--	
7/19/2021 10:47	4.91	0.91	4.43	2.94	1.5	13.19	26.97	2.2	--	
7/19/2021 10:47	4.69	0.95	4.67	2.75	1.5	13.06	26.46	2.2	--	
7/19/2021 10:47	4.83	0.84	4.25	3.02	1.52	12.92	26.46	2.2	--	
7/19/2021 10:47	4.56	0.8	4.42	2.97	1.53	12.76	26.82	2.21	--	
7/19/2021 10:47	4.81	0.86	4.39	2.94	1.53	13	26.7	2.21	--	
7/19/2021 10:47	4.51	0.93	4.24	2.97	1.56	12.66	26.52	2.21	--	
7/19/2021 10:47	4.71	0.88	4.4	2.85	1.53	12.84	26.79	2.21	--	
7/19/2021 10:47	4.63	0.92	4.34	2.89	1.53	12.78	26.35	2.22	--	
7/19/2021 10:47	4.59	1	4.69	2.63	1.5	12.92	26.5	2.22	--	
7/19/2021 10:47	4.58	0.98	4.63	2.71	1.5	12.89	26.9	2.22	--	
7/19/2021 10:48	4.61	0.89	4.35	2.92	1.52	12.77	26.44	2.22	--	
7/19/2021 10:48	4.77	0.81	4.16	3.09	1.54	12.84	26.76	2.22	--	
7/19/2021 10:48	4.55	0.99	4.52	2.76	1.52	12.83	26.08	2.22	--	
7/19/2021 10:48	4.68	0.83	4.33	3.04	1.52	12.88	26.31	2.23	--	
7/19/2021 10:48	4.56	0.93	4.39	2.89	1.53	12.76	26.29	2.25	--	
7/19/2021 10:48	4.56	0.98	4.39	2.67	1.51	12.6	26.88	1.92	--	
7/19/2021 10:48	7.16	0.22	2.94	4.1	1.11	14.43	25.64	1.46	--	
7/19/2021 10:48	0	0.03	0	0	0	0.03	78.57	1.16	--	
7/19/2021 10:48	0	0	1.09	0	0	1.09	100	1.14	--	
7/19/2021 10:48	0	0	0.05	0	0	0.05	94	1.13	--	
7/19/2021 10:48	0	1.18	0	0.46	0	1.64	100	1.13	--	
7/19/2021 10:48	0	0	0	0	0	0	92.66	1.13	--	
7/19/2021 10:48	0	0.64	0	0	0	0.64	95.19	1.14	--	
7/19/2021 10:48	0	0.3	0	0	0	0.3	96.07	1.14	--	
7/19/2021 10:48	0	0.86	0	0	0	0.86	96.52	1.14	--	
7/19/2021 10:48	0	1.35	0	0	0	1.35	100	1.14	--	
7/19/2021 10:48	0	1.13	0.42	0.37	0.07	1.92	86.56	1.14	--	
7/19/2021 11:26	44.91	5.42	21.34	39.92	6.35	111.58	86.56	1.67	--	
7/19/2021 11:27	46.51	7.38	25.15	39.02	6.18	118.06	88.93	1.68	--	
7/19/2021 11:27	41.8	6	23.63	44.59	6.98	116.02	86.98	1.68	--	
7/19/2021 11:27	43.48	4.86	22.27	43.49	6.94	114.09	88.11	1.72	--	
7/19/2021 11:27	47.97	4.61	21.3	43.64	6.37	117.52	86.21	1.72	--	
7/19/2021 11:27	45.39	6.07	26.04	40.49	6.5	117.98	89.1	1.73	--	
7/19/2021 11:27	46.8	6.67	25.51	40.72	6.35	119.7	88.34	1.74	--	
7/19/2021 11:27	47.41	4.95	21.51	44.62	6.7	118.48	89.33	1.74	--	
7/19/2021 11:27	44.72	4.73	21.83	40.12	6.34	111.39	90.61	1.75	--	
7/19/2021 11:27	41.94	5.72	23.59	40.15	6.85	111.39	85.25	1.74	--	
7/19/2021 11:27	42.17	3.29	20.72	42.96	6.48	109.13	85.2	1.75	--	
7/19/2021 11:27	41.13	5.46	25.71	37.74	6.41	110.04	89.35	1.75	--	
7/19/2021 11:27	41.28	5.26	25.73	38.26	6.37	110.53	85.55	1.76	--	
7/19/2021 11:27	42.34	5.63	24.2	37.67	6.38	109.84	90.36	1.76	--	
7/19/2021 11:27	38.1	7.9	31.88	31.89	6.06	109.77	89.01	1.75	--	
7/19/2021 11:27	44.3	2.63	21.46	37.67	6.15	106.06	88.77	1.75	--	
7/19/2021 11:27	43.35	4.65	25.6	32.54	5.51	106.14	86.51	1.76	--	
7/19/2021 11:27	39.15	4.92	27.98	29.46	5.95	101.52	86.65	1.75	--	
7/19/2021 11:27	37.69	5.27	27.97	28.76	5.83	99.68	93.49	1.77	--	
7/19/2021 11:28	39.53	5.67	26.18	27.08	5.7	98.45	90.92	1.81	--	
7/19/2021 11:28	42.27	5.61	21.22	33.88	5.71	102.98	87.44	2.34	--	
7/19/2021 11:28	43.27	5.87	21.65	35.66	5.8	106.45	87.54	2.29	--	
7/19/2021 11:28	41.44	6.53	23.89	34.68	6.03	106.54	87.15	2.31	--	
7/19/2021 11:28	43.47	5.8	22.01	36.73	6.09	108.01	89.11	2.32	--	
7/19/2021 11:28	43.4	5.8	22.11	37.45	6.07	108.76	88.32	2.34	--	
7/19/2021 11:28	42.34	5.99	23.9	36.22	6.05	108.44	87.83	2.36	--	
7/19/2021 11:28	42.11	6.36	24.39	37.44	6.15	110.3	88.14	2.38	--	
7/19/2021 11:28	41.27	6.77	25.12	36.93	6.1	110.09	86.98	2.38	--	
7/19/2021 11:28	42.61	6.67	23.3	34.96	5.8	107.54	87.64	2.4	--	
7/19/2021 11:28	42.17	6.78	24.27	33.8	5.76	107.01	88.11	2.4	--	
7/19/2021 11:28	39.49	6.88	23.67	31.94	5.66	101.97	88.52	2.37	--	
7/19/2021 11:28	41.46	6.37	23.67	30.56	5.53	102.07	87.84	2.38	--	
7/19/2021 11:28	39.91	6.78	24.43	28.82	5.43	99.95	87.95	2.36	--	
7/19/2021 11:28	38.55	6.36	24.67	28.31	5.37	97.89	87.49	2.4	--	
7/19/2021 11:28	39.57	6.48	25.43	27.16	5.29	98.64	88.84	2.4	--	
7/19/2021 11:28	39.37	6.27	23.11	28.08	5.43	96.83	87.51	2.41	--	
7/19/2021 11:28	39.77	6.29	24	28.44	5.53	98.5	87.26	2.41	--	
7/19/2021 11:28	41.28	5.64	22.35	30.29	5.33	99.57	88.08	2.46	--	
7/19/2021 11:29	36.8	6.63	25.25	24.15	5.18	92.82	88.49	2.73	--	
7/19/2021 11:29	33.45	6.7	23.12	19.53	4.78	82.8	90.01	3.03	--	
7/19/2021 11:29	33.57	6.85	23.14	17.84	4.69	81.4	89.02	3.12	--	
7/19/2021 11:29	33.88	6.67	22.35	18.99	4.78	81.89	89.96	3.13	--	
7/19/2021 11:29	34.45	6.78	23.56	17.77	4.66	82.55	89.72	3.14	--	
7/19/2021 11:29	33.82	6.86	23.25	17.98	4.75	81.9	89.87	3.14	--	
7/19/2021 11:29	33.64	6.95	23.49	18.02	4.75	82.1	88.71	3.14	--	
7/19/2021 11:29	33.76	6.97	23.5	17.46	4.7	81.69	88.6	3.15	--	
7/19/2021 11:29	32.5	7.18	24.06	16.63	4.73	80.37	89.01	3.14	--	
7/19/2021 11:29	32.43	6.96	23.81	17.08	4.65	80.28	89.34	3.15	--	
7/19/2021 11:29	32.16	6.97	24.2	16.6	4.67	79.92	88.48	3.16	--	
7/19/2021 11:29	32.2	6.76	23.59	16.9	4.65	79.45	88.76	3.17	--	
7/19/2021 11:29	33.05	6.8	23.51	16.39	4.51	79.75	88.48	3.17	--	
7/19/2021 11:29	32.86	6.7	22.99	16.62	4.49	79.17	88.29	3.18	--	
7/19/2021 11:29	33.03	7.09	23.58	16.4	4.6	80.1	87.46	3.18	--	
7/19/2021 11:29	32.8	6.56	22.01	17.71	4.59	79.08	88.85	3.18	--	
7/19/2021 11:29	32.81	6.78	23.44	16.36	4.59	79.39	88.33	3.17	--	
7/19/2021 11:29	32.74	7.11	23.73	15.9	4.6	79.48	88.15	3.18	--	
7/19/2021 11:30	32.25	7.11	23.01	16.45	4.57	78.82	88.83	3.19	--	
7/19/2021 11:30	32.76	7.05	22.12	16.66	4.43	78.6	89.89	2.83	--	
7/19/2021 11:30	34.36	6.58	22.89	18.74	4.67	82.57	90.19	2.46	--	
7/19/2021 11:30	35.77	7.51	24.51	18.53	4.55	86.32	90.58	2.14	--	
7/19/2021 11:30	39.87	6.2	23.31	34.44	5.62	103.82	87.7	1.82	--	
7/19/2021 11:30	38.75	4.99	22.48	34.18	5.84	100.39	87.02	1.57	--	
7/19/2021 11:30	22.21	3.41	16.4	14.95	3.52	56.97	78.3	1.29	--	
7/19/2021 11:30	0	0	0	0	0	0	100	1.13	--	
7/19/2021 11:30	0.06	2.08	0	0	0	2.14	100	1.13	--	
7/19/2021 11:30	0	0.78	0	0.23	0	1.01	88.43	1.13	--	
7/19/2021 11:30	0	0	0.46	0	0	0.46	85.43	1.13	--	
7/19/2021 11:30	0	0.52	0	0	0	0.52	100	1.14	--	
7/19/2021 11:30	0	0.65	0	0	0	0.65	97.38	1.14	--	
7/19/2021 11:30	0	0	0	0.33	0	0.33	98.65	1.14	--	
7/19/2021 11:30	0	0.87	0	0	0	0.87	94.27	1.14	--	
7/19/2021 11:30	0	0.76	0	0	0	0.76	96.89	1.14	--	
7/19/2021 11:30	0	0.42	0	0	0	0.42	94.18	1.14	--	
7/19/2021 11:30	0	0	0	0	0	0	94.7	1.15	--	
7/19/2021 12:06	45.55	3.05	5.43	40.67	5.14	94.7	87.54	1.5	--	
7/19/2021 12:06	45.47	2.83	5.45	40.32	5.34	94.07	86.79	1.57	--	
7/19/2021 12:06	45.4	2.76	5.24	40.58	5.34	93.99	85.79	1.6	--	
7/19/2021 12:06	41.92	3.55	8.61	38.92	5.22	92.99	88.21	1.61	--	
7/19/2021 12:06	43.27	3.36	8.41	39.21	5.29	94.24	90.38	1.62	--	
7/19/2021 12:06	44.63	3.56	7.17	38.7	5.22	94.06	87.73	1.6	--	
7/19/2021 12:06	42.7	3.28	7.29	39.75	5.31	93.01	87.63	1.64	--	
7/19/2021 12:06	44.61	3.82	7.81	38.33	5.24	94.57	87.88	1.64	--	
7/19/2021 12:07	44.24	3.16	6.53	40.17	5.36	94.1	87.29	1.64	--	
7/19/2021 12:07	42.26	3.35	7.16	40.55	5.41	93.32	87.36	1.64	--	
7/19/2021 12:07	43.83	3.25	6.74	40.08	5.25	93.89	87.07	1.62	--	
7/19/2021 12:07	45.68	2.81	5.55	41.31	5.15	95.35	87.63	1.62	--	
7/19/2021 12:07	42.75	3.66	6.52	39.41	5.15	92.34	87.04	1.62	--	
7/19/2021 12:07	42.54	3.82	7.79	38.43	5.01	92.58	87.96	1.63	--	
7/19/2021 12:07	43.93	2.47	5.32	41.7	5.08	93.42	89.13	1.64	--	
7/19/2021 12:07	43.42	3.75	7.87	39.3	4.96	94.34	86.94	1.64	--	
7/19/2021 12:07	40.58	3.48	6.94	39.56	5.3	90.56	87.72	1.66	--	
7/19/2021 12:07	42.3	4.41	8.67	37.55	4.96	92.92	87.24	1.66	--	
7/19/2021 12:07	42.87	3.17	5.21	41.92	5.25	93.18	88.48	1.7	--	
7/19/2021 12:07	42.16	4.47	8.43	38.79	5.2	93.85	87.18	1.76	--	
7/19/2021 12:07	40.2	4.44	9.82	37.65	5.15	92.1	86.65	1.78	--	
7/19/2021 12:07	42.12	3.71	8.2	38.61	5.08	92.64	88.11	1.8	--	
7/19/2021 12:07	44.75	3.14	6.72	40.41	5.11	95.02	86.41	1.8	--	
7/19/2021 12:07	45.34	2.17	4.56	42.6	5.05	94.67	87.65	1.85	--	
7/19/2021 12:07	42.13	3.22	7.32	38.8	5.11	91.47	87.73	2.25	--	
7/19/2021 12:07	42.11	3.63	6.56	37.62	4.96	89.92	87.08	2.25	--	
7/19/2021 12:08	42.23	3.17	7.26	37.98	4.9	90.65	87.13	2.25	--	
7/19/2021 12:08	42.5	2.91	6.4	39.2	5.02	91.01	87.07	2.25	--	
7/19/2021 12:08	43.99	2.82	5.95	39.68	4.95	92.43	87.45	2.25	--	
7/19/2021 12:08	42.68	3.02	7.24	39.3	5.1	92.24	87.6	2.26	--	
7/19/2021 12:08	41.64	3.66	8.28	37.94	4.98	91.52	86.84	2.25	--	
7/19/2021 12:08	42.53	3.08	6.64	39.17	5.06	91.42	87.87	2.25	--	
7/19/2021 12:08	41.67	3.4	7.33	38.63	5.1	91.04	87.34	2.26	--	
7/19/2021 12:08	43.16	2.75	7.16	39.56	5.02	92.64	87.09	2.27	--	
7/19/2021 12:08	43.49	3.63	7.68	38.8	4.95	93.61	86.83	2.27	--	
7/19/2021 12:08	42.95	2.95	5.68	40.1	4.97	91.69	87.36	2.25	--	
7/19/2021 12:08	41.62	3.36	6.67	39.39	5.07	91.04	87.75	2.24	--	
7/19/2021 12:08	41.62	3.75	7.44	38.92	5.03	91.74	86.9	2.24	--	
7/19/2021 12:08	42.46	3.23	6.3	39.45	5.01	91.44	87.29	2.27	--	
7/19/2021 12:08	41.79	3.82	6.8	36.63	4.78	89.04	87.55	2.3	--	
7/19/2021 12:08	40.37	3.29	5.87	36.18	4.84	85.7	86.89	2.49	--	
7/19/2021 12:08	38.54	3.63	5.94	33.03	4.62	81.15	87.38	2.9	--	
7/19/2021 12:08	39.8	3.47	6.23	33.82	4.63	83.32	87.37	3.09	--	
7/19/2021 12:08	40.56	3.6	6.46	34.33	4.65	84.96	87.23	3.09	--	
7/19/2021 12:08	41.23	3.5	6.45	34.9	4.72	86.07	87.36	3.09	--	
7/19/2021 12:09	41.1	3.59	6.81	34.91	4.65	86.42	87.33	3.09	--	
7/19/2021 12:09	41.15	3.35	5.92	34.84	4.58	85.27	86.92	3.09	--	
7/19/2021 12:09	40.36	3.36	6.25	34.1	4.64	84.07	87.54	3.09	--	
7/19/2021 12:09	39.91	3.33	6.69	34.03	4.7	83.97	87.58	3.09	--	
7/19/2021 12:09	40.48	3.23	6.38	35.16	4.64	85.24	87.72	3.09	--	
7/19/2021 12:09	40.08	3.66	6.87	34.99	4.81	85.6	87.71	3.09	--	
7/19/2021 12:09	41.11	3.32	7.01	35.63	4.79	87.07	87.29	3.1	--	
7/19/2021 12:09	41.31	3.25	7.25	35.38	4.72	87.2	87.52	3.12	--	
7/19/2021 12:09	40.6	3.55	7.4	35.02	4.86	86.58	87.47	3.14	--	
7/19/2021 12:09	38.59	3.99	6.45	31.8	4.49	80.82	86.97	3.15	--	
7/19/2021 12:09	39.64	3.34	5.23	32.13	4.4	80.33	86.94	3.15	--	
7/19/2021 12:09	38.35	3.78	5.93	31.43	4.46	79.48	87.4	3.16	--	
7/19/2021 12:09	39.27	3.49	5.52	32.81	4.43	81.1	87.8	3.16	--	
7/19/2021 12:09	39.86	3.4	6.03	33.6	4.58	82.9	87.67	3.18	--	
7/19/2021 12:09	39.68	3.48	5.44	33.11	4.42	81.71	87.68	3.21	--	
7/19/2021 12:09	34.19	4.04	4.66	26.54	4.11	69.44	86.51	3.6	--	
7/19/2021 12:09	33.59	4.08	4.05	25.2	3.96	66.91	86.84	3.99	--	
7/19/2021 12:09	34.1	4.04	4.49	25.36	3.94	67.98	86.98	4.08	--	
7/19/2021 12:10	34.91	4.08	4.17	25.44	3.85	68.59	86.84	4.12	--	
7/19/2021 12:10	35.64	4.11	4.26	26	3.92	70.01	86.99	4.15	--	
7/19/2021 12:10	34.81	4.15	4.34	25.53	3.86	68.83	87.09	4.16	--	
7/19/2021 12:10	35.69	3.89	3.91	26.03	3.87	69.52	87.38	4.22	--	
7/19/2021 12:10	35.17	4.1	3.96	25.17	3.76	68.4	86.68	4.24	--	
7/19/2021 12:10	36.13	3.65	4.38	26.58	3.86	70.74	86.99	4.24	--	
7/19/2021 12:10	36.02	4.01	4.63	27.11	4.02	71.76	86.89	4.25	--	
7/19/2021 12:10	36.04	4.12	4.36	26.05	3.91	70.57	86.4	4.25	--	
7/19/2021 12:10	34.48	4.32	4.15	24.37	3.78	67.31	86.54	4.27	--	
7/19/2021 12:10	35.93	3.78	3.85	25.87	3.84	69.44	86.62	4.27	--	
7/19/2021 12:10	35.31	4.03	4.03	25.66	3.82	69.02	87.15	4.27	--	
7/19/2021 12:10	34.9	3.75	4.22	26.19	3.99	69.06	86.28	4.27	--	
7/19/2021 12:10	34.99	3.73	3.59	25.66	3.86	67.96	85.76	4.27	--	
7/19/2021 12:10	34.18	4.33	4.7	24.32	3.94	67.53	86.8	4.27	--	
7/19/2021 12:10	33.89	4.63	4.43	23.8	3.84	66.74	86.63	4.12	--	
7/19/2021 12:10	35.16	4.07	4.41	26.34	3.93	69.98	87.45	3.85	--	
7/19/2021 12:10	37.08	3.78	4.63	28.89	4.09	74.38	88.32	3.44	--	
7/19/2021 12:10	40.76	3.51	6.9	35.2	4.61	86.37	88.01	2.94	--	
7/19/2021 12:11	40.29	3.42	7.37	36.28	4.72	87.36	87.96	2.28	--	
7/19/2021 12:11	42.37	3.52	5.75	39.75	4.88	91.39	86.61	1.71	--	
7/19/2021 12:11	42.61	3.97	6.69	39.11	4.92	92.38	88.56	1.4	--	
7/19/2021 12:11	0	0	0	0	0	0	100	1.16	--	
7/19/2021 12:11	0	0.2	0	0	0	0.2	100	1.15	--	
7/19/2021 12:11	0	0.76	0	0	0	0.76	99.61	1.15	--	
7/19/2021 12:11	0	0.59	0	0	0	0.59	99.66	1.15	--	
7/19/2021 12:11	0	0.29	0	0	0	0.29	98.25	1.15	--	
7/19/2021 12:11	0	0.4	0	0	0	0.4	98.48	1.15	--	
7/19/2021 12:11	0	0.56	0	0	0	0.56	98.26	1.15	--	
7/19/2021 12:11	0	0.71	0	0	0	0.71	98.94	1.15	--	
7/19/2021 12:11	0	0.53	0	0	0	0.53	94.61	1.15	--	
7/19/2021 12:11	0	0.35	0	0	0	0.35	98.22	1.15	--	
7/19/2021 12:45	15.7	2.15	0	8.05	2	25.9	75.4	1.31	--	
7/19/2021 12:45	22.43	8.77	19.21	20.54	5.16	70.95	83	1.6	--	
7/19/2021 12:45	37.12	4.35	0	32.99	4.7	74.45	100	1.61	--	
7/19/2021 12:45	36.49	9.81	7	20.52	5.08	73.83	91.25	1.67	--	
7/19/2021 12:46	36.39	3.02	1.94	31.46	5.15	72.81	89.61	1.69	--	
7/19/2021 12:46	38.44	1.31	0	35.83	4.37	75.58	88.61	1.7	--	
7/19/2021 12:46	31.78	2.43	3.06	35.86	5.49	73.14	100	1.69	--	
7/19/2021 12:46	30.86	4.13	5.51	30.34	5.53	70.84	99.28	1.69	--	
7/19/2021 12:46	41.9	4.33	0.1	31.42	4.71	77.75	100	1.7	--	
7/19/2021 12:46	37.68	6.16	3.38	29.8	4.95	77.01	84.43	1.71	--	
7/19/2021 12:46	42.83	10.19	14.59	18.77	3.68	86.38	86.6	1.7	--	
7/19/2021 12:46	34.08	5.1	8.16	26.22	5.62	73.57	99.96	1.7	--	
7/19/2021 12:46	35.84	3.51	0.1	33.13	5.15	72.58	95.79	1.7	--	
7/19/2021 12:46	40.54	5.16	3.18	25.52	4.65	74.4	95.77	1.7	--	
7/19/2021 12:46	36.03	10.14	11.81	15.16	4.55	73.15	99.87	1.7	--	
7/19/2021 12:46	39.68	6.58	2.94	25.9	5.06	75.1	89.12	1.7	--	
7/19/2021 12:46	35.41	4.74	2.59	30	4.89	72.73	93.68	1.7	--	
7/19/2021 12:46	25.19	6.52	12.81	26.28	4.64	70.81	90.06	1.7	--	
7/19/2021 12:46	36.19	7.75	8.65	24.83	4.78	77.43	99.19	1.7	--	
7/19/2021 12:46	30.17	9.56	10.65	22.57	4.87	72.95	89.89	1.71	--	
7/19/2021 12:46	39.72	3.06	0	32.11	4.59	74.88	93.33	1.94	--	
7/19/2021 12:46	39.09	4.31	3.75	29.7	4.67	76.85	93.27	2.13	--	
7/19/2021 12:46	37.81	6.52	7.03	29.55	4.79	80.91	93.22	2.15	--	
7/19/2021 12:47	36.33	7.81	11.75	27.39	4.65	83.28	90.1	2.14	--	
7/19/2021 12:47	39.3	4.38	4.67	33.18	4.76	81.53	91.05	2.15	--	
7/19/2021 12:47	37.51	5.59	8.05	31.07	4.82	82.22	90.31	2.15	--	
7/19/2021 12:47	41.23	4.87	4.42	32.95	4.84	83.47	94.65	2.15	--	
7/19/2021 12:47	40.51	6.51	6.34	30.58	4.87	83.95	90.16	2.15	--	
7/19/2021 12:47	40.37	4.57	4.57	33.83	4.89	83.35	91.86	2.15	--	
7/19/2021 12:47	41	5.66	5.25	32.67	5.12	84.59	94.57	2.15	--	
7/19/2021 12:47	44.85	4.55	2.89	33.82	4.73	86.1	87.17	2.15	--	
7/19/2021 12:47	38.38	5.2	6.97	32.56	4.95	83.11	89.27	2.15	--	
7/19/2021 12:47	39.58	5.26	4.6	33.68	5.31	83.12	90.38	2.15	--	
7/19/2021 12:47	40.7	7.61	9.19	28.44	4.62	85.93	94.15	2.15	--	
7/19/2021 12:47	40.11	3.46	1.21	35.97	5.4	80.75	94.42	2.15	--	
7/19/2021 12:47	40.78	4.98	3.91	33.72	5.08	83.38	89.39	2.15	--	
7/19/2021 12:47	42	5.24	5.08	32.51	4.69	84.82	92.25	2.15	--	
7/19/2021 12:47	42.93	3.98	1.94	35.59	4.85	84.45	92.99	2.14	--	
7/19/2021 12:47	38.37	5.4	7.82	31.26	4.92	82.85	96.63	2.15	--	
7/19/2021 12:47	36.63	5.51	7.76	31.17	5.08	81.07	93.9	2.35	--	
7/19/2021 12:47	38.14	5.39	5.66	31.23	4.96	80.41	93.35	2.57	--	
7/19/2021 12:48	37.68	5.37	7.86	29.53	4.99	80.44	92.74	2.76	--	
7/19/2021 12:48	36.84	5.68	7.29	28.22	4.77	78.03	92.11	3.02	--	
7/19/2021 12:48	35.86	5.85	8.91	27.22	4.78	77.84	92.06	3.17	--	
7/19/2021 12:48	36.19	5.45	8.26	27.9	4.7	77.8	93.77	3.18	--	
7/19/2021 12:48	36.41	5.85	9.02	27.47	4.71	78.75	92.58	3.19	--	
7/19/2021 12:48	37.31	5.54	7.58	28.46	4.74	78.88	92.04	3.19	--	
7/19/2021 12:48	36	5.38	8.42	27.93	4.75	77.72	93.76	3.19	--	
7/19/2021 12:48	35.5	5.7	9.06	26.8	4.66	77.06	92	3.19	--	
7/19/2021 12:48	35.44	5.89	8.8	26.01	4.69	76.13	93.14	3.19	--	
7/19/2021 12:48	34.7	6.08	10.49	25.88	4.61	77.14	92.08	3.2	--	
7/19/2021 12:48	35.13	6.12	9.61	25.59	4.61	76.46	92.54	3.19	--	
7/19/2021 12:48	36.42	5.42	8.24	27.27	4.6	77.35	93.82	3.19	--	
7/19/2021 12:48	35.93	5.32	8.42	27.09	4.73	76.75	92.39	3.19	--	
7/19/2021 12:48	35.62	5.73	8.86	26.13	4.66	76.33	93.82	3.19	--	
7/19/2021 12:48	36.85	5.67	8.91	26.31	4.52	77.74	92.73	3.19	--	
7/19/2021 12:48	35.16	5.51	8.72	26.31	4.52	75.71	93.28	3.19	--	
7/19/2021 12:48	33.94	6.35	10.13	24.77	4.55	75.2	93.69	2.9	--	
7/19/2021 12:48	37.87	6.42	8.41	27.77	4.45	80.47	93.22	2.42	--	
7/19/2021 12:49	32.72	8.82	14.64	24.68	4.88	80.86	92.9	2.02	--	
7/19/2021 12:49	34.82	6.29	7.96	26.73	4.56	75.8	96.19	1.49	--	
7/19/2021 12:49	1.23	0	0	0	0	1.23	100	1.15	--	
7/19/2021 12:49	0	2.46	0	0	0	2.46	100	1.15	--	
7/19/2021 12:49	0	2.43	0	0	0	2.43	76.34	1.14	--	
7/19/2021 12:49	1.37	3.22	0	0	0.55	4.59	45.02	1.15	--	
7/19/2021 12:49	0	2.9	0	0	0	2.9	94.94	1.15	--	
7/19/2021 12:49	0	0	0.36	0	0	0.36	57.88	1.15	--	
7/19/2021 12:49	0.48	0	0	0	0	0.48	65.36	1.15	--	
7/19/2021 12:49	0	0	0	0	0	0	61.95	1.15	--	
7/19/2021 12:49	0	0	0	1.11	0	1.11	68.57	1.14	--	
7/19/2021 12:49	0	0	0	0	0	0	59.24	1.15	--	
7/19/2021 12:49	0	0.35	0	0	0.36	0.35	65.58	1.14	--	
7/19/2021 12:49	0.31	0	0	0	0.45	0.31	67.7	1.14	--	
7/19/2021 12:49	0	0.68	0	0	0.61	0.68	65.72	1.15	--	
7/19/2021 12:49	0	0	0.48	0	0	0.48	66.9	1.15	--	
7/19/2021 12:49	0	0	0	0	0	0	69.27	1.15	--	
7/19/2021 12:49	0	0.07	0	0	0	0.07	63.77	1.15	--	
7/19/2021 12:49	0	0	0.04	0	0	0.04	53.67	1.15	--	
7/19/2021 12:50	0	2.84	0	0	0	2.84	62.33	1.15	--	
7/19/2021 12:50	0	0	0	0	0	0	70.71	1.14	--	
7/19/2021 12:50	2.68	0	0	0	0	2.68	80.2	1.15	--	
7/19/2021 13:17	0	0	0	0	0.05	0	74.13	1.14	--	
7/19/2021 13:18	0	0.72	0	0	0	0.72	84.91	1.15	--	
7/19/2021 13:18	2.16	0	0	0	0	2.16	94.64	1.14	--	
7/19/2021 13:18	0	0	0	1.69	0	1.69	99.38	1.14	--	
7/19/2021 13:18	0	2.15	0	0	0	2.15	78.07	1.15	--	
7/19/2021 13:18	31.26	1.44	0	34.19	4.84	66.9	61.17	1.41	--	
7/19/2021 13:18	41.36	4.34	8.07	37.3	6.54	91.06	85.19	1.59	--	
7/19/2021 13:18	37.81	11.08	20.09	27.23	6.13	96.21	92.65	1.6	--	
7/19/2021 13:18	30.05	13.69	22.08	17.53	5.22	83.36	81.6	1.59	--	
7/19/2021 13:18	27.37	19.53	28.91	9.97	5.79	85.77	75.65	1.6	--	
7/19/2021 13:18	34.38	9.12	11.16	31.62	5.66	86.29	99.9	1.62	--	
7/19/2021 13:18	45.83	9.46	13.63	30.99	4.33	99.91	100	1.6	--	
7/19/2021 13:18	53	5.96	2.9	38.15	5.65	100.01	100	1.58	--	
7/19/2021 13:18	43.52	9.73	7.48	34.51	6.57	95.23	94.34	1.62	--	
7/19/2021 13:18	37.81	9.03	22.5	26.92	5.37	96.26	91.46	1.63	--	
7/19/2021 13:18	45.35	6.29	6.16	38.47	6.21	96.26	98.1	1.65	--	
7/19/2021 13:18	47.46	6.22	3.31	39.6	6.3	96.59	97.13	1.63	--	
7/19/2021 13:18	39.81	9.79	17.39	31.15	5.34	98.14	100	1.64	--	
7/19/2021 13:18	38.22	10.59	16.88	27.81	6.27	93.5	100	1.64	--	
7/19/2021 13:19	48.8	4.34	7.27	37.33	5.24	97.74	95.16	1.65	--	
7/19/2021 13:19	41.18	5.55	4.17	41.35	6.48	92.26	92.51	1.65	--	
7/19/2021 13:19	49.11	7.66	5.95	37.37	5.54	100.1	86.09	1.65	--	
7/19/2021 13:19	40.46	7.02	13.68	31.57	5.69	92.72	95.63	1.64	--	
7/19/2021 13:19	39.64	6.58	12.04	33.1	6.13	91.37	91.29	1.65	--	
7/19/2021 13:19	38.71	12.55	24.21	21.83	5.26	97.3	93.06	1.65	--	
7/19/2021 13:19	40.08	12.01	20.18	25.48	5.18	97.76	92.2	1.71	--	
7/19/2021 13:19	44.57	6.61	14.67	31.56	5.38	97.41	94.41	1.94	--	
7/19/2021 13:19	39.81	6.56	9.11	34.79	5.95	90.28	95.79	2.14	--	
7/19/2021 13:19	37	8.56	15.79	29.25	5.67	90.6	96.97	2.15	--	
7/19/2021 13:19	40.03	6.82	13.31	30.55	5.52	90.72	100	2.15	--	
7/19/2021 13:19	36.04	7.88	13.74	29.32	5.69	86.98	96.85	2.17	--	
7/19/2021 13:19	39.57	7.46	10.75	31.06	5.07	88.84	96.96	2.18	--	
7/19/2021 13:19	37.72	7.08	10.72	32.23	5.53	87.75	97.13	2.17	--	
7/19/2021 13:19	37.45	7.87	14.35	28.53	5.54	88.21	99.12	2.18	--	
7/19/2021 13:19	40.29	3.17	5.9	37.24	5.73	86.6	97.79	2.18	--	
7/19/2021 13:19	40.78	6.44	7.57	33.91	5.86	88.7	98.63	2.16	--	
7/19/2021 13:19	43.46	10.29	17.79	25.01	5.3	96.54	99.98	2.17	--	
7/19/2021 13:20	43.83	6.65	7.87	34.45	6.07	92.8	99.3	2.18	--	
7/19/2021 13:20	39.54	8.52	15.54	29.19	5.51	92.78	95.5	2.17	--	
7/19/2021 13:20	44.67	6.51	9.96	32.37	5.5	93.51	98.47	2.2	--	
7/19/2021 13:20	42.28	7.58	12.41	29.99	5.65	92.26	94.83	2.2	--	
7/19/2021 13:20	44.64	7.12	12.28	30.26	5.41	94.3	96.63	2.21	--	
7/19/2021 13:20	37.47	6.75	9.6	32.9	5.78	86.72	97.23	2.21	--	
7/19/2021 13:20	38.6	8.15	11.55	29.94	5.54	88.24	98.06	2.4	--	
7/19/2021 13:20	39.11	7.7	11.85	29.01	5.49	87.68	96.88	2.84	--	
7/19/2021 13:20	38.2	7.58	12.61	29.5	5.33	87.89	98.61	3.15	--	
7/19/2021 13:20	39.63	7.82	12.8	28.57	5.35	88.81	97.13	3.18	--	
7/19/2021 13:20	39.41	7.11	12.46	29.11	5.22	88.09	99.51	3.19	--	
7/19/2021 13:20	38.15	7.72	13.96	27.24	5.36	87.06	96.96	3.2	--	
7/19/2021 13:20	38.34	7.8	14.49	26.49	5.21	87.12	98.21	3.21	--	
7/19/2021 13:20	38.54	7.44	12.8	27.47	5.21	86.25	97.91	3.22	--	
7/19/2021 13:20	39.75	7.5	12.09	26.9	5.14	86.23	98.91	3.22	--	
7/19/2021 13:20	39.5	7.82	13.18	26.53	5.11	87.03	98.37	3.24	--	
7/19/2021 13:20	38.5	7.57	13.05	27.04	5.19	86.16	97.42	3.21	--	
7/19/2021 13:20	38.95	7.74	12.79	27.72	5.23	87.2	99.01	3.21	--	
7/19/2021 13:20	39.89	7.84	13.18	27.99	5.2	88.9	96.54	3.22	--	
7/19/2021 13:21	36.72	7.86	13.41	25.91	5.22	83.9	99.39	3.22	--	
7/19/2021 13:21	38.59	7.26	12.43	26.44	5.16	84.71	98.81	3.26	--	
7/19/2021 13:21	38.35	6.95	11.6	27.18	5.24	84.08	98.45	3.25	--	
7/19/2021 13:21	37.5	7.12	12.07	26.57	5.21	83.27	97.53	3.26	--	
7/19/2021 13:21	36.86	7.27	12.44	25.96	5.21	82.53	98.33	3.27	--	
7/19/2021 13:21	37.87	7.11	11.85	26.46	5.09	83.29	98.25	3.26	--	
7/19/2021 13:21	36.18	7.41	12.18	24.85	5.1	80.61	99.36	3.52	--	
7/19/2021 13:21	37.18	7.32	12.09	24.92	5	81.5	98.86	3.65	--	
7/19/2021 13:21	37.55	6.77	11.5	25.83	5.01	81.64	98.26	3.68	--	
7/19/2021 13:21	36.67	7.16	11.99	24.82	4.94	80.63	98.54	3.68	--	
7/19/2021 13:21	36.58	7.08	11.8	24.6	4.92	80.05	99.39	3.69	--	
7/19/2021 13:21	35.91	6.8	10.79	24.25	4.91	77.75	99.41	3.7	--	
7/19/2021 13:21	36.21	6.91	11.42	24.46	5.04	79	99.09	3.71	--	
7/19/2021 13:21	33.01	6.77	10.27	22.52	4.9	72.58	99.28	3.71	--	
7/19/2021 13:21	35.1	6.85	10.63	23.64	4.89	76.22	99.21	3.72	--	
7/19/2021 13:21	34.09	7.15	11.75	23.05	4.88	76.04	98.97	3.71	--	
7/19/2021 13:21	35.25	7.19	11.23	22.98	4.84	76.64	99.72	3.71	--	
7/19/2021 13:21	35.03	6.86	11.15	23.48	4.87	76.53	99.61	3.72	--	
7/19/2021 13:22	34.98	7.23	11.91	23	4.99	77.13	99.73	3.71	--	
7/19/2021 13:22	33.82	7.17	12.31	22.56	4.93	75.85	99.54	3.72	--	
7/19/2021 13:22	35.68	6.86	11.53	24.83	4.92	78.9	99	3.7	--	
7/19/2021 13:22	37.14	6.99	11.85	25.81	4.95	81.78	98.61	3.72	--	
7/19/2021 13:22	38.79	7.35	12.77	26.56	5.05	85.48	98.39	3.74	--	
7/19/2021 13:22	38.43	7.31	12.99	27.59	5.14	86.31	98.17	3.74	--	
7/19/2021 13:22	38.43	7.1	11.87	26.61	5.17	84.01	98.57	3.75	--	
7/19/2021 13:22	37.87	7.54	12.61	26.04	5.09	84.07	99.7	3.55	--	
7/19/2021 13:22	39.07	7.61	13.47	28.29	5.31	88.45	98.76	3.06	--	
7/19/2021 13:22	39.94	6.47	11.95	30.58	5.31	88.94	94.92	2.67	--	
7/19/2021 13:22	34.82	11.89	19.21	25.01	5.46	90.93	91.82	2.21	--	
7/19/2021 13:22	48.44	8.94	18.8	27.78	4.65	103.96	88.98	1.71	--	
7/19/2021 13:22	27.98	5.94	4.48	36.03	5.49	74.43	77.2	1.4	--	
7/19/2021 13:22	0	0.46	0	0	0	0.46	91.8	1.15	--	
7/19/2021 13:22	0.51	0	0.64	0	0	1.15	97.44	1.16	--	
7/19/2021 13:22	0	1.61	0	0.16	0	1.78	100	1.15	--	
7/19/2021 13:22	0	1.08	0	0	0	1.08	87.71	1.15	--	
7/19/2021 13:22	0	0	0	0	0	0	90.54	1.15	--	
7/19/2021 13:22	0	0	1.8	0	0	1.8	98.66	1.14	--	
7/19/2021 13:23	0	1.52	0	0	0	1.52	81.82	1.15	--	
7/19/2021 13:23	0	0.88	0	0	0	0.88	100	1.15	--	
7/19/2021 13:23	0	0	0	0.18	0	0.18	99.41	1.16	--	
7/19/2021 13:23	0	3.39	0	0	0	3.39	100	1.14	--	
7/19/2021 13:23	0	0	0	0	0	0	100	1.13	--	
7/19/2021 13:41	0	2.82	0	0	0	2.82	49.68	1.14	--	
7/19/2021 13:41	3.92	0.32	0	0	0	4.24	61.52	1.14	--	
7/19/2021 13:41	1.11	0.46	0	0	0	1.57	85.95	1.13	--	
7/19/2021 13:41	0	0	0.25	0	0	0.25	54.08	1.15	--	
7/19/2021 13:41	15.26	4.24	0	0	0.55	19.5	69.57	1.21	--	
7/19/2021 13:41	16.31	12.94	22.3	0	3.95	51.55	100	1.61	--	
7/19/2021 13:41	32.22	5.05	2.26	18.92	3.95	58.46	94.8	1.65	--	
7/19/2021 13:41	24.18	9.1	15.41	6.92	4.15	55.6	100	1.59	--	
7/19/2021 13:41	31.97	6.75	13.35	10.49	2.9	62.56	100	1.58	--	
7/19/2021 13:41	39.21	3.55	0	19.23	3.38	61.99	100	1.59	--	
7/19/2021 13:41	34.68	5.81	0	21.35	3.97	61.84	100	1.61	--	
7/19/2021 13:41	42.92	6	0	16.2	3.36	65.12	100	1.6	--	
7/19/2021 13:41	35.64	4.66	0	19.84	4.11	60.14	100	1.61	--	
7/19/2021 13:41	43.4	6.18	0	16.17	3.4	65.74	100	1.61	--	
7/19/2021 13:41	33.61	3.12	0	20.76	4.29	57.48	100	1.61	--	
7/19/2021 13:42	28.98	8.38	15.04	7.79	3.52	60.19	100	1.6	--	
7/19/2021 13:42	32.61	0.9	2.06	21.48	3.73	57.06	97.82	1.61	--	
7/19/2021 13:42	30.12	5.47	10.71	13.03	3.78	59.33	91.64	1.63	--	
7/19/2021 13:42	29.47	5.71	3.07	17.47	4.11	55.72	100	1.6	--	
7/19/2021 13:42	35.78	5.23	1.95	16.71	3.73	59.67	100	1.63	--	
7/19/2021 13:42	33.76	6.98	5.89	13.22	4.19	59.86	100	1.62	--	
7/19/2021 13:42	27.46	3.32	3.1	19.28	3.76	53.16	100	1.61	--	
7/19/2021 13:42	35.72	4.79	0.54	17.44	4.11	58.5	100	1.64	--	
7/19/2021 13:42	37.56	6.27	3.39	14.49	3.82	61.71	100	1.65	--	
7/19/2021 13:42	36.52	4.49	0	19.45	3.95	60.46	100	1.62	--	
7/19/2021 13:42	33.3	5.91	6.22	15.76	3.63	61.2	100	1.83	--	
7/19/2021 13:42	32.46	5.16	3.47	19.14	4.12	60.23	100	2	--	
7/19/2021 13:42	37.35	3.8	0	21.53	3.63	62.68	100	2.14	--	
7/19/2021 13:42	39.58	5.4	0	18.97	3.81	63.95	98.36	2.12	--	
7/19/2021 13:42	33.01	5.38	4.2	17.71	3.92	60.3	100	2.15	--	
7/19/2021 13:42	38.5	4.72	3.16	17.76	3.33	64.13	100	2.11	--	
7/19/2021 13:42	34.8	6.83	7.41	15.1	3.29	64.14	100	2.14	--	
7/19/2021 13:42	33.48	5.56	5.93	16.79	3.66	61.76	100	2.17	--	
7/19/2021 13:43	34.12	5.02	4.26	17.82	4.16	61.22	100	2.15	--	
7/19/2021 13:43	33.14	4.87	4.14	18.94	3.82	61.09	100	2.18	--	
7/19/2021 13:43	34.08	5.31	4.55	17.9	4.07	61.84	100	2.2	--	
7/19/2021 13:43	39.53	4.8	2.01	18.67	3.39	65.02	100	2.18	--	
7/19/2021 13:43	37.7	4.25	2.49	18.89	3.7	63.32	100	2.2	--	
7/19/2021 13:43	34.69	5.01	4.55	18.11	3.64	62.36	98.67	2.22	--	
7/19/2021 13:43	34.83	5.13	3.77	18.65	3.62	62.38	100	2.2	--	
7/19/2021 13:43	35.22	4.65	3.94	18.01	3.68	61.81	100	2.22	--	
7/19/2021 13:43	38.48	4.65	2.79	18.08	3.36	64	100	2.23	--	
7/19/2021 13:43	35.11	5.81	4.64	17.29	3.56	62.85	100	2.26	--	
7/19/2021 13:43	32.79	6.9	7.67	14.76	3.67	62.12	100	2.52	--	
7/19/2021 13:43	34.77	6.06	3.78	17.81	3.78	62.43	100	3.08	--	
7/19/2021 13:43	32.86	6.46	4.99	17.56	3.82	61.88	100	3.16	--	
7/19/2021 13:43	34.24	5.93	4.74	16.9	3.7	61.81	100	3.17	--	
7/19/2021 13:43	33.23	6.33	5.08	16.72	3.76	61.36	100	3.18	--	
7/19/2021 13:43	34.71	6.51	5.73	15.65	3.55	62.61	100	3.2	--	
7/19/2021 13:43	33.64	6.78	5.85	15.56	3.7	61.83	100	3.18	--	
7/19/2021 13:43	34.24	6.31	6.37	15.54	3.52	62.46	100	3.21	--	
7/19/2021 13:43	33.67	6.29	5.24	16.05	3.75	61.24	100	3.19	--	
7/19/2021 13:44	35.25	5.89	4.34	16.84	3.66	62.33	100	3.21	--	
7/19/2021 13:44	34.74	5.66	3.96	17.19	3.79	61.55	100	3.21	--	
7/19/2021 13:44	35.48	5.71	5	16.48	3.61	62.65	100	3.21	--	
7/19/2021 13:44	35.43	5.53	3.47	17.6	3.81	62.03	100	3.22	--	
7/19/2021 13:44	35.21	6.27	5.14	16.2	3.48	62.82	100	3.2	--	
7/19/2021 13:44	34.46	6.09	5.24	16.05	3.72	61.83	100	3.25	--	
7/19/2021 13:44	34.3	6.13	5.15	16.06	3.62	61.64	100	3.43	--	
7/19/2021 13:44	34.16	6.15	4.59	16.46	3.67	61.35	100	3.63	--	
7/19/2021 13:44	34.16	5.89	3.99	16.87	3.77	60.91	100	3.76	--	
7/19/2021 13:44	34.86	5.91	3.96	16.85	3.71	61.58	100	3.74	--	
7/19/2021 13:44	33.69	6.18	5.58	15.82	3.68	61.27	100	3.75	--	
7/19/2021 13:44	34.12	6.11	5.22	16.1	3.69	61.55	100	3.79	--	
7/19/2021 13:44	34.21	6.12	4.85	16.17	3.75	61.35	100	3.8	--	
7/19/2021 13:44	33.76	6.1	4.55	16.31	3.77	60.71	100	3.83	--	
7/19/2021 13:44	34.29	6.17	5.16	15.53	3.65	61.16	100	3.83	--	
7/19/2021 13:44	34.33	6.07	5.34	15.78	3.67	61.53	100	3.87	--	
7/19/2021 13:44	32.97	6.22	5.48	15.73	3.75	60.41	100	3.86	--	
7/19/2021 13:44	33.92	5.92	5.01	16.2	3.72	61.04	100	3.86	--	
7/19/2021 13:45	34.86	6.11	4.75	16.26	3.74	61.98	100	3.85	--	
7/19/2021 13:45	34.56	6.12	4.96	15.77	3.69	61.4	100	3.87	--	
7/19/2021 13:45	34.6	6.38	5.04	15.48	3.68	61.5	100	3.87	--	
7/19/2021 13:45	34.78	5.75	4.25	16.75	3.66	61.53	100	3.86	--	
7/19/2021 13:45	33.61	6.11	4.85	16.06	3.72	60.62	100	3.89	--	
7/19/2021 13:45	34.12	6.44	4.84	15.45	3.65	60.85	100	3.87	--	
7/19/2021 13:45	33.66	6.24	4.91	15.73	3.74	60.54	100	3.89	--	
7/19/2021 13:45	34.03	6.29	4.95	15.74	3.75	61.01	100	3.8	--	
7/19/2021 13:45	34.23	6.67	5.1	15.48	3.63	61.48	100	3.46	--	
7/19/2021 13:45	35.26	6.6	5.06	15.37	3.53	62.29	100	3.22	--	
7/19/2021 13:45	33.15	7.37	7.66	14.03	3.57	62.22	100	3.05	--	
7/19/2021 13:45	34.58	5.68	4.94	17.05	3.52	62.24	100	2.82	--	
7/19/2021 13:45	37.52	4.93	1.79	19.37	3.61	63.61	100	2.57	--	
7/19/2021 13:45	38.48	4.63	1.4	19.45	3.8	63.96	100	2.26	--	
7/19/2021 13:45	30.56	5.71	7.18	16.64	4.06	60.08	100	1.95	--	
7/19/2021 13:45	32.93	7.55	9.25	12.1	3.62	61.83	100	1.7	--	
7/19/2021 13:45	25.33	4.35	6.13	12.24	1.96	48.04	89.96	1.37	--	
7/19/2021 13:45	0	0	0	0	0	0	100	1.16	--	
7/19/2021 13:46	1.17	0	0	0	0	1.17	79	1.14	--	
7/19/2021 13:46	0	0	0	0	0	0	74.1	1.14	--	
7/19/2021 13:46	0	1.16	0	0	0	1.16	56.31	1.15	--	
7/19/2021 13:46	0	0	0	0	0.68	0	55.57	1.13	--	
7/19/2021 13:46	0	0.8	0	0	0	0.8	66.05	1.14	--	
7/19/2021 13:46	0	0.96	0	0	0	0.96	33.53	1.15	--	
7/19/2021 13:46	0.25	0	0	0	0	0.25	62.54	1.15	--	
7/19/2021 13:46	0	0	0	0	0	0	45.89	1.14	--	
7/19/2021 13:46	0	0	0	0	0	0	38.22	1.14	--	
7/19/2021 14:11	0	0.51	0	0	0.1	0.51	21.06	1.14	--	
7/19/2021 14:11	0	0	0.34	0	0	0.34	29.14	1.14	--	
7/19/2021 14:11	0	0	0	0.28	0	0.28	30.84	1.14	--	
7/19/2021 14:11	0	1.48	0	0	0.11	1.48	50.52	1.15	--	
7/19/2021 14:11	0	0	0	0	0	0	77.16	1.14	--	
7/19/2021 14:11	22.89	8.73	3.91	7.56	2.73	43.09	91.46	1.47	--	
7/19/2021 14:11	22.22	7.14	2.46	13.61	3.27	45.42	100	1.56	--	
7/19/2021 14:11	23.24	9.85	7.59	9	2.18	49.69	100	1.61	--	
7/19/2021 14:11	25.02	10	4.7	9.22	2.73	48.94	100	1.62	--	
7/19/2021 14:11	22.69	8.16	0	13.39	3.46	44.24	100	1.65	--	
7/19/2021 14:11	25.22	8.77	5.07	10.11	2.58	49.17	100	1.67	--	
7/19/2021 14:11	26.46	10.49	4.62	8.31	2.48	49.89	94.97	1.64	--	
7/19/2021 14:11	23.48	4.49	0	17.16	2.95	45.13	100	1.66	--	
7/19/2021 14:11	30.03	8.62	0	11.38	2.66	50.03	100	1.64	--	
7/19/2021 14:11	25.59	8.67	3.4	10.92	2.83	48.59	100	1.64	--	
7/19/2021 14:11	21.71	8.4	7.58	9.12	2.59	46.81	100	1.63	--	
7/19/2021 14:11	26.41	8.54	3.5	11.74	2.77	50.19	99.34	1.64	--	
7/19/2021 14:11	22.65	10.15	5.86	8.76	2.89	47.43	97.02	1.64	--	
7/19/2021 14:12	22.46	8.8	4.96	10.83	3.05	47.05	100	1.63	--	
7/19/2021 14:12	24.47	6.87	1.69	14.94	2.61	47.96	100	1.63	--	
7/19/2021 14:12	17.35	7.18	6.69	11.28	2.83	42.48	100	1.65	--	
7/19/2021 14:12	27.22	7.06	0	13.27	3.05	47.56	100	1.67	--	
7/19/2021 14:12	23.51	10.64	7.14	8.67	2.83	49.97	100	1.67	--	
7/19/2021 14:12	23.88	7.1	0	14.75	3.49	45.73	100	1.67	--	
7/19/2021 14:12	25.36	6.3	1.08	13.43	3.35	46.18	100	1.68	--	
7/19/2021 14:12	23.59	6.08	1.04	15.77	2.81	46.47	100	1.82	--	
7/19/2021 14:12	27.11	6.93	0.66	14	2.37	48.71	100	2.12	--	
7/19/2021 14:12	23.48	7.12	0	15.66	3.22	46.26	100	2.17	--	
7/19/2021 14:12	24.6	6.38	0	15.83	2.76	46.81	100	2.14	--	
7/19/2021 14:12	31.7	7.71	0	12.34	2.61	51.75	100	2.2	--	
7/19/2021 14:12	20	8.42	6.15	11.17	2.81	45.74	100	2.19	--	
7/19/2021 14:12	26.69	9.01	5.67	10.03	2.38	51.4	100	2.23	--	
7/19/2021 14:12	27.81	8.82	2.64	12.11	2.4	51.36	100	2.23	--	
7/19/2021 14:12	25.26	7.89	0	14.96	2.87	48.11	100	2.24	--	
7/19/2021 14:12	25.22	6.86	0	14.67	3.41	46.75	100	2.26	--	
7/19/2021 14:12	29.79	6.6	0	13.43	2.78	49.82	100	2.25	--	
7/19/2021 14:12	28.88	7.51	0	13.45	2.92	49.84	100	2.26	--	
7/19/2021 14:13	26.5	7.7	0	15.37	2.79	49.56	100	2.25	--	
7/19/2021 14:13	27.13	7.28	0	13.92	2.93	48.33	100	2.27	--	
7/19/2021 14:13	26.97	7.49	0	14.36	2.81	48.83	100	2.27	--	
7/19/2021 14:13	27.05	9.26	0.96	11.96	2.87	49.23	100	2.29	--	
7/19/2021 14:13	26.99	7.09	0	15.8	2.83	49.88	100	2.31	--	
7/19/2021 14:13	27.71	6.04	0.78	14.68	2.69	49.21	100	2.35	--	
7/19/2021 14:13	28.52	8	0	13.96	2.84	50.48	100	2.59	--	
7/19/2021 14:13	26.82	7.43	0	15.16	2.84	49.42	100	2.89	--	
7/19/2021 14:13	24.54	8.7	3.11	12.56	3	48.91	100	2.91	--	
7/19/2021 14:13	25.65	7.68	1.15	14.71	2.82	49.19	100	3.06	--	
7/19/2021 14:13	25.48	7.67	1.61	14.12	2.83	48.88	100	3.07	--	
7/19/2021 14:13	26.06	6.56	0.25	15.29	2.92	48.15	100	3.09	--	
7/19/2021 14:13	27.34	7.67	1.63	13.13	2.76	49.77	100	3.09	--	
7/19/2021 14:13	26.63	6.43	0	15.81	2.87	48.86	100	3.11	--	
7/19/2021 14:13	27.45	6.84	0	14.54	2.9	48.83	100	3.11	--	
7/19/2021 14:13	24.65	6.87	1.55	14.72	2.86	47.79	100	3.13	--	
7/19/2021 14:13	26.28	7.15	0	14.44	2.99	47.87	100	3.13	--	
7/19/2021 14:13	25.77	7.54	0	14.59	2.97	47.91	100	3.16	--	
7/19/2021 14:14	24.24	6.97	1.52	14.55	2.95	47.28	100	3.16	--	
7/19/2021 14:14	24.74	7.81	1.35	13.65	2.99	47.55	100	3.18	--	
7/19/2021 14:14	24.44	8.26	1.88	13.37	2.9	47.94	100	3.2	--	
7/19/2021 14:14	25.1	7.53	1.44	13.73	2.82	47.8	100	3.27	--	
7/19/2021 14:14	23.63	7.6	1.4	14.2	3.09	46.83	100	3.29	--	
7/19/2021 14:14	22.58	8.32	3.29	12.54	2.91	46.74	100	3.48	--	
7/19/2021 14:14	24.29	7.31	0	14.54	3.12	46.14	100	3.86	--	
7/19/2021 14:14	24.27	7.56	0	13.82	2.97	45.65	100	4.11	--	
7/19/2021 14:14	24.25	7.96	0.98	12.94	2.96	46.13	100	4.2	--	
7/19/2021 14:14	24.68	7.53	0.13	13.92	2.92	46.26	100	4.22	--	
7/19/2021 14:14	24.84	7.91	0.56	13.43	2.89	46.73	100	4.21	--	
7/19/2021 14:14	24.88	7.6	0	13.83	2.95	46.3	100	4.21	--	
7/19/2021 14:14	24.87	7.57	0.64	13.67	3.01	46.76	100	4.22	--	
7/19/2021 14:14	24.12	7.29	0	13.93	2.95	45.34	100	4.2	--	
7/19/2021 14:14	24.1	7.42	0	13.81	2.97	45.34	100	4.2	--	
7/19/2021 14:14	24.26	7.1	0.14	13.96	3.01	45.46	100	4.22	--	
7/19/2021 14:14	24.95	7.73	0.17	13.78	2.9	46.63	100	4.24	--	
7/19/2021 14:14	24.16	7.69	1.37	12.79	2.87	46.01	100	4.24	--	
7/19/2021 14:15	24.57	7.62	0.01	13.51	2.98	45.71	100	4.22	--	
7/19/2021 14:15	24.41	7.32	0	13.87	3	45.59	100	4.28	--	
7/19/2021 14:15	24.03	7.42	0	13.94	3.01	45.39	100	4.28	--	
7/19/2021 14:15	24.21	7.67	0.72	13.3	2.87	45.9	100	4.32	--	
7/19/2021 14:15	24.33	7.36	0.03	14.13	2.95	45.86	100	4.3	--	
7/19/2021 14:15	24.49	7.77	0.59	13.54	2.95	46.39	100	4.32	--	
7/19/2021 14:15	24.85	7.59	0.51	13.36	2.94	46.31	100	4.33	--	
7/19/2021 14:15	23.72	7.4	0.34	13.56	2.95	45.03	100	4.66	--	
7/19/2021 14:15	22.85	7.61	0.39	12.7	2.93	43.54	100	5.04	--	
7/19/2021 14:15	22.91	7.57	0.27	12.9	2.91	43.65	100	5.13	--	
7/19/2021 14:15	23.45	7.39	0.33	13.04	2.94	44.21	100	5.14	--	
7/19/2021 14:15	23.34	7.9	0.71	12.8	2.93	44.75	100	5.17	--	
7/19/2021 14:15	23.26	7.73	0.41	12.94	2.98	44.35	100	5.16	--	
7/19/2021 14:15	23.49	7.76	0.57	12.84	2.92	44.65	100	5.15	--	
7/19/2021 14:15	22.45	7.38	0.13	12.89	2.98	42.85	100	5.17	--	
7/19/2021 14:15	22.59	7.61	0.33	12.52	2.96	43.05	100	5.17	--	
7/19/2021 14:15	22.46	7.52	0.45	12.52	2.98	42.95	100	5.17	--	
7/19/2021 14:15	22	7.82	0.51	12.52	3.03	42.84	100	5.19	--	
7/19/2021 14:15	22.63	7.59	0.47	12.48	3	43.18	100	5.18	--	
7/19/2021 14:16	22.71	7.83	0.59	12.32	2.96	43.44	100	5.17	--	
7/19/2021 14:16	22.47	7.42	0.53	12.67	2.96	43.08	100	5.2	--	
7/19/2021 14:16	21.23	7.67	0.45	12.23	2.99	41.58	100	5.17	--	
7/19/2021 14:16	21.23	7.62	0.5	12.18	3.03	41.53	100	5.18	--	
7/19/2021 14:16	21.57	7.47	0	12.62	3.04	41.65	100	5.22	--	
7/19/2021 14:16	20.54	7.82	0.9	11.61	3.02	40.86	100	5.22	--	
7/19/2021 14:16	20.15	7.7	0.37	11.6	3.06	39.83	100	5.29	--	
7/19/2021 14:16	22.27	7.5	0.49	12.51	2.94	42.77	100	4.82	--	
7/19/2021 14:16	22.62	7.64	0.32	13.39	2.97	43.97	100	4.43	--	
7/19/2021 14:16	23.22	7.79	0.95	13.36	2.86	45.33	100	3.98	--	
7/19/2021 14:16	24.58	7.59	0.33	14.78	2.94	47.28	100	3.55	--	
7/19/2021 14:16	25.99	7.55	0	15.34	2.88	48.87	100	3.13	--	
7/19/2021 14:16	25.59	8.16	0	15.52	2.88	49.27	100	2.8	--	
7/19/2021 14:16	24.23	6.99	0	15.68	2.84	46.9	100	2.52	--	
7/19/2021 14:16	23.78	6.98	0	14.23	2.92	45	100	2.25	--	
7/19/2021 14:16	24.79	6.79	0	12.6	3.12	44.19	100	1.96	--	
7/19/2021 14:16	17.11	6.71	4.32	10.58	2.6	38.72	100	1.59	--	
7/19/2021 14:16	1.39	1.72	2.79	2.94	0.27	8.85	54.46	1.24	--	
7/19/2021 14:17	0	0.87	0	0	0	0.87	100	1.16	--	
7/19/2021 14:17	0	0	0	0	0	0	68.72	1.15	--	
7/19/2021 14:17	0	0	0	0	0	0	83.05	1.15	--	
7/19/2021 14:17	0	0	0	0	0.47	0	95.16	1.15	--	
7/19/2021 14:17	0.07	0.46	0	0	0.07	0.53	100	1.15	--	
7/19/2021 14:17	0	2.34	0	0	0	2.34	90.92	1.15	--	
7/19/2021 14:17	0.33	0.56	0	0	0	0.89	93.94	1.15	--	
7/19/2021 14:17	0	1.77	0	0	0	1.77	92.62	1.16	--	
7/19/2021 14:17	0	0	0	0	0.15	0	100	1.15	--	
7/19/2021 14:17	0	0.63	0	0	0	0.63	88.19	1.15	--	
7/19/2021 14:17	0	1.42	0	0	0	1.42	90.55	1.15	--	
7/19/2021 14:50	0	0	0	5.41	1.26	5.41	100	1.53	--	
7/19/2021 14:50	3.26	0.01	0	4.78	0.8	8.06	100	1.56	--	
7/19/2021 14:50	5.48	0	0	4.55	0.7	10.03	100	1.58	--	
7/19/2021 14:50	0	0	3.13	3.74	1	6.87	100	1.57	--	
7/19/2021 14:50	0	0	0.93	6.66	0.84	7.59	100	1.58	--	
7/19/2021 14:50	0.84	0	0	6.12	0.96	6.96	100	1.58	--	
7/19/2021 14:50	0	0	2.16	4.96	0.89	7.12	100	1.62	--	
7/19/2021 14:51	0	0.23	3.32	3.01	0.86	6.56	100	1.65	--	
7/19/2021 14:51	1.07	0	2.61	3.93	0.73	7.61	100	1.67	--	
7/19/2021 14:51	3.73	0	0	5.92	0.7	9.65	100	1.68	--	
7/19/2021 14:51	1.03	0	1.51	5.47	1.02	8	100	1.68	--	
7/19/2021 14:51	0	0	3.79	3.23	0.72	7.02	100	1.66	--	
7/19/2021 14:51	0	0	0.9	5.27	1.16	6.17	100	1.69	--	
7/19/2021 14:51	0.97	0	2.96	4.43	0.65	8.36	100	1.74	--	
7/19/2021 14:51	0	1.15	2.58	4.1	1	7.83	100	1.75	--	
7/19/2021 14:51	2.27	0	0	6.03	0.75	8.29	100	1.81	--	
7/19/2021 14:51	1.05	0.37	1.51	5.13	0.71	8.06	100	1.83	--	
7/19/2021 14:51	1.43	1	4.34	2	0.57	8.78	100	1.85	--	
7/19/2021 14:51	0.55	0	4.27	3.25	0.72	8.07	100	1.87	--	
7/19/2021 14:51	0.66	0	1.6	5.1	0.93	7.36	100	1.89	--	
7/19/2021 14:51	1.09	0.31	4.88	2.37	0.61	8.65	100	2.1	--	
7/19/2021 14:51	0.7	0	2.76	4.87	0.89	8.33	100	2.21	--	
7/19/2021 14:51	0	1.38	5.99	1.43	0.65	8.81	100	2.21	--	
7/19/2021 14:51	0	0	1.84	5.05	1.17	6.88	100	2.22	--	
7/19/2021 14:51	3.8	0	2.11	4.42	0.53	10.33	100	2.23	--	
7/19/2021 14:52	0.61	0.31	3.37	3.15	1.14	7.45	100	2.26	--	
7/19/2021 14:52	1.4	0.01	2.06	5.09	0.89	8.55	100	2.27	--	
7/19/2021 14:52	4.06	0	0.35	5.18	0.89	9.59	100	2.24	--	
7/19/2021 14:52	0	0.04	1.65	5.54	0.88	7.23	100	2.24	--	
7/19/2021 14:52	0.91	0	1.99	5.45	0.78	8.35	100	2.26	--	
7/19/2021 14:52	0	0	3.08	3.91	1.06	6.99	100	2.27	--	
7/19/2021 14:52	0	0	2.78	5.29	0.88	8.07	100	2.29	--	
7/19/2021 14:52	3.3	0	0	5.96	0.77	9.26	100	2.29	--	
7/19/2021 14:52	0.44	0	2.27	5.23	0.92	7.94	100	2.28	--	
7/19/2021 14:52	3.42	0	2.78	3.46	0.76	9.66	100	2.29	--	
7/19/2021 14:52	1.67	0	3.41	3.86	0.57	8.94	100	2.28	--	
7/19/2021 14:52	3.57	0	1.94	4.53	0.76	10.04	100	2.31	--	
7/19/2021 14:52	2.03	0	1.26	5.26	0.97	8.56	100	2.38	--	
7/19/2021 14:52	0	0	3.7	5.21	0.81	8.91	100	2.85	--	
7/19/2021 14:52	1.4	0	2.55	4.99	0.85	8.94	100	3.16	--	
7/19/2021 14:52	0.11	0	3.71	4.61	0.75	8.42	100	3.18	--	
7/19/2021 14:52	0.07	0	3.8	4.5	0.8	8.37	100	3.19	--	
7/19/2021 14:52	0	0	3.67	4.42	1.06	8.09	100	3.19	--	
7/19/2021 14:53	1.18	0	3.79	4.35	0.77	9.32	100	3.2	--	
7/19/2021 14:53	2.1	0	2.92	4.66	0.74	9.68	100	3.18	--	
7/19/2021 14:53	0	0	3.46	4.58	0.94	8.03	100	3.19	--	
7/19/2021 14:53	0.07	0	4.02	4.35	0.9	8.44	100	3.19	--	
7/19/2021 14:53	0.96	0	4.06	3.92	0.84	8.94	100	3.2	--	
7/19/2021 14:53	0.73	0	3.67	4.53	0.82	8.93	100	3.2	--	
7/19/2021 14:53	0.47	0	4.09	4.16	0.76	8.73	100	3.21	--	
7/19/2021 14:53	0	0	4.62	3.84	0.79	8.46	100	3.23	--	
7/19/2021 14:53	0.68	0	3.43	4.34	0.83	8.45	100	3.23	--	
7/19/2021 14:53	0	0	4.92	3.8	0.73	8.73	100	3.25	--	
7/19/2021 14:53	0.13	0	3.81	4.86	0.78	8.81	100	3.26	--	
7/19/2021 14:53	0.98	0	2.83	4.66	0.96	8.46	100	3.25	--	
7/19/2021 14:53	0.26	0	4.07	4.42	0.81	8.74	100	3.25	--	
7/19/2021 14:53	0.2	0	2.23	5.28	0.95	7.7	100	3.7	--	
7/19/2021 14:53	0.15	0	3.5	4.15	0.72	7.8	100	4.04	--	
7/19/2021 14:53	0	0	2.79	4.62	0.88	7.41	100	4.2	--	
7/19/2021 14:53	0	0	2.48	4.78	0.76	7.26	100	4.2	--	
7/19/2021 14:53	0.49	0	2.38	4.74	0.68	7.61	100	4.24	--	
7/19/2021 14:53	0	0	2.63	4.73	0.8	7.36	100	4.25	--	
7/19/2021 14:54	0.06	0	3.44	4.11	0.8	7.6	100	4.24	--	
7/19/2021 14:54	0	0	2.82	4.43	0.74	7.25	100	4.24	--	
7/19/2021 14:54	0.41	0	3.14	4.39	0.56	7.93	100	4.26	--	
7/19/2021 14:54	0	0	3.01	4.22	0.71	7.24	100	4.24	--	
7/19/2021 14:54	0	0	2.56	4.89	0.84	7.44	100	4.22	--	
7/19/2021 14:54	1.12	0	2.81	4.16	0.73	8.09	100	4.25	--	
7/19/2021 14:54	0	0	2.35	5.06	0.79	7.42	100	4.27	--	
7/19/2021 14:54	0	0	3.73	4.01	0.61	7.74	100	4.25	--	
7/19/2021 14:54	0	0	3.2	4.25	0.77	7.45	100	4.27	--	
7/19/2021 14:54	0	0	2.75	4.42	0.72	7.16	100	4.29	--	
7/19/2021 14:54	0	0	1.85	5.05	0.81	6.9	100	4.29	--	
7/19/2021 14:54	0	0	2.09	5.06	0.85	7.15	100	4.32	--	
7/19/2021 14:54	0	1.2	2.17	5.08	0.84	8.45	100	4.33	--	
7/19/2021 14:54	0	0	2.6	4.81	0.74	7.41	100	4.77	--	
7/19/2021 14:54	0	0	3.12	3.83	0.75	6.95	100	5.06	--	
7/19/2021 14:54	0	0	2.74	4.08	0.74	6.81	100	5.23	--	
7/19/2021 14:54	0	0	2.76	4.15	0.75	6.9	100	5.24	--	
7/19/2021 14:54	0	0	2.74	4.1	0.68	6.84	100	5.24	--	
7/19/2021 14:55	0	0	2.25	4.17	0.81	6.42	100	5.25	--	
7/19/2021 14:55	0	0	2.6	4.06	0.7	6.67	100	5.24	--	
7/19/2021 14:55	0	0	2.09	4.26	0.78	6.34	100	5.24	--	
7/19/2021 14:55	0	0	1.99	4.28	0.72	6.27	100	5.27	--	
7/19/2021 14:55	0	0	2.04	4.34	0.8	6.38	100	5.27	--	
7/19/2021 14:55	0	0	2.12	4.31	0.75	6.43	100	5.25	--	
7/19/2021 14:55	0.26	0	2.83	3.84	0.64	6.94	100	5.27	--	
7/19/2021 14:55	0	0	2.75	3.92	0.68	6.67	100	5.26	--	
7/19/2021 14:55	0	0	2.28	4.17	0.75	6.45	100	5.26	--	
7/19/2021 14:55	0	0	2.58	3.88	0.7	6.46	100	5.24	--	
7/19/2021 14:55	0	0	2.46	4.03	0.68	6.49	100	5.25	--	
7/19/2021 14:55	0	0	2.9	3.68	0.61	6.58	100	5.28	--	
7/19/2021 14:55	0	0	1.99	4.26	0.7	6.25	100	5.28	--	
7/19/2021 14:55	0	0	2.29	4.01	0.74	6.3	100	5.42	--	
7/19/2021 14:55	0	0	1.56	3.86	0.73	5.42	100	5.99	--	
7/19/2021 14:55	0	0	1.96	3.56	0.68	5.52	100	6.21	--	
7/19/2021 14:55	0	0	2.45	3.31	0.63	5.76	100	6.24	--	
7/19/2021 14:55	0	0	1.92	3.59	0.65	5.51	100	6.25	--	
7/19/2021 14:56	0	0	2.07	3.56	0.7	5.63	100	6.28	--	
7/19/2021 14:56	0	0	1.86	3.38	0.65	5.23	100	6.27	--	
7/19/2021 14:56	0	0	1.65	3.63	0.72	5.28	100	6.24	--	
7/19/2021 14:56	0	0	2.25	3.22	0.59	5.47	100	6.27	--	
7/19/2021 14:56	0	0	2.15	3.56	0.66	5.72	100	6.26	--	
7/19/2021 14:56	0	0	1.8	3.45	0.64	5.25	100	6.26	--	
7/19/2021 14:56	0	0	1.59	3.65	0.68	5.24	100	6.28	--	
7/19/2021 14:56	0	0	1.94	3.49	0.62	5.43	100	6.28	--	
7/19/2021 14:56	0	0	1.94	3.55	0.67	5.5	100	6.27	--	
7/19/2021 14:56	0	0	2.09	3.46	0.68	5.55	100	6.29	--	
7/19/2021 14:56	0	0	2.08	3.55	0.66	5.63	100	6.3	--	
7/19/2021 14:56	0	0	1.44	3.77	0.74	5.21	100	6.31	--	
7/19/2021 14:56	0	0	2.36	3.33	0.68	5.7	100	6.31	--	
7/19/2021 14:56	0	0	2	3.63	0.72	5.63	100	6.33	--	
7/19/2021 14:56	0	0	1.4	4.01	0.66	5.41	100	6.82	--	
7/19/2021 14:56	0	0	1.61	3.39	0.66	5.01	100	7.32	--	
7/19/2021 14:56	0	0	1.67	3.49	0.73	5.16	100	7.34	--	
7/19/2021 14:56	0	0	1.71	3.34	0.66	5.06	100	7.34	--	
7/19/2021 14:56	0	0	1.73	3.25	0.66	4.98	100	7.4	--	
7/19/2021 14:57	0	0	1.24	4.03	0.69	5.27	100	7.42	--	
7/19/2021 14:57	0	0	1.54	3.44	0.65	4.98	100	7.44	--	
7/19/2021 14:57	0	0	1.76	3.31	0.67	5.07	100	7.46	--	
7/19/2021 14:57	0	0	1.5	3.55	0.69	5.04	100	7.46	--	
7/19/2021 14:57	0	0	1.28	3.63	0.73	4.92	100	7.47	--	
7/19/2021 14:57	0	0	1.25	3.85	0.7	5.11	100	7.47	--	
7/19/2021 14:57	0	0	1.35	3.54	0.72	4.89	100	7.46	--	
7/19/2021 14:57	0	0	1.8	3.35	0.65	5.15	100	7.48	--	
7/19/2021 14:57	0	0	1.6	3.24	0.69	4.85	100	7.49	--	
7/19/2021 14:57	0	0	1.53	3.31	0.67	4.84	100	7.48	--	
7/19/2021 14:57	0	0	1.48	3.42	0.67	4.9	100	7.5	--	
7/19/2021 14:57	0	0	1.44	3.48	0.68	4.92	100	7.48	--	
7/19/2021 14:57	0	0	1.48	3.5	0.68	4.98	100	7.49	--	
7/19/2021 14:57	0	0	0.99	3.94	0.67	4.93	100	7.53	--	
7/19/2021 14:57	0	0	1.35	3.69	0.69	5.04	100	7.32	--	
7/19/2021 14:57	0	0	1.85	3.2	0.7	5.06	100	6.85	--	
7/19/2021 14:57	0	0	1.54	3.66	0.71	5.19	100	6.37	--	
7/19/2021 14:57	0	0	1.45	4.11	0.72	5.56	100	5.93	--	
7/19/2021 14:58	0	0	2.28	3.5	0.7	5.78	100	5.39	--	
7/19/2021 14:58	0	0	2.74	3.82	0.72	6.55	100	4.74	--	
7/19/2021 14:58	0	0	1.88	5.07	0.92	6.96	100	4.12	--	
7/19/2021 14:58	1.82	0	1.82	5.27	0.84	8.91	100	3.56	--	
7/19/2021 14:58	0	0	5.04	3.79	0.7	8.83	100	2.95	--	
7/19/2021 14:58	0	0	0	5.83	1.18	5.83	100	2.27	--	
7/19/2021 14:58	0	0	2.32	4.17	0.77	6.48	100	1.63	--	
7/19/2021 14:58	0	0	0	0	0	0	84.72	1.18	--	
7/19/2021 14:58	1.55	0	0	0	0	1.55	88.95	1.15	--	
7/19/2021 14:58	0	0	0	0	0	0	79.54	1.15	--	
7/19/2021 14:58	0	0	0	0	0	0	100	1.15	--	
7/19/2021 14:58	0	1.46	0	0	0	1.46	96.39	1.16	--	
7/19/2021 14:58	0	0	0	0	0	0	98.29	1.16	--	
7/19/2021 14:58	0	1.3	0	0.56	0	1.85	100	1.15	--	
7/19/2021 14:58	0	0	0	0	0	0	91.89	1.16	--	
7/19/2021 14:58	0	0.89	0	0	0	0.89	98.33	1.16	--	
7/19/2021 14:58	0	1.07	0	0	0.19	1.07	90.53	1.16	--	
7/19/2021 18:03	0	0	0	0	0	0	100	1.11	--	
7/19/2021 18:03	0	0	0	0	0	0	100	1.11	--	
7/19/2021 18:03	0	0	0	0	0	0	100	1.11	--	
7/19/2021 18:03	0	0	0	0	0	0	100	1.11	--	
7/19/2021 18:04	0	0	0	0	0	0	100	1.11	--	
7/19/2021 18:04	0	0	0	0	0	0	100	1.11	--	
7/19/2021 18:04	0	0	0	0	0	0	100	1.11	--	
7/19/2021 18:04	0	0	0	0	0	0	100	1.11	--	
7/19/2021 18:04	0	0	0	0	0	0	100	1.11	--	
7/19/2021 18:04	0	0	0	0	0	0	100	1.11	--	
7/19/2021 18:04	0	0	0	0	0	0	100	1.11	--	
7/19/2021 18:04	0	0	0	0	0	0	100	1.11	--	
