Date/Time	Green Algae	Bluegreen	Diatoms	Cryptophyta	Yellow substances	Total conc.	Transmission	Depth	Temp. Sample	Comment
date	µg/l	µg/l	µg/l	µg/l	r.u.	µg/l	%	m	°C	
6/21/2021 10:45	6.91	2.59	38.4	3.73	0.95	51.63	50.71	1.09	--	
6/21/2021 10:45	10.14	2.79	62.62	4.66	1.08	80.22	39.25	1.21	--	
6/21/2021 10:45	15.8	0.89	53.04	8.98	1.01	78.71	39.02	1.23	--	
6/21/2021 10:45	13.43	4.2	59.54	5.29	1.21	82.45	36.58	1.23	--	
6/21/2021 10:45	13.25	2.82	57.96	6.5	1.1	80.54	36.98	1.24	--	
6/21/2021 10:45	13.99	2.33	56.82	7.51	1.26	80.65	42.1	1.25	--	
6/21/2021 10:45	13.51	1.49	54.42	8.92	1.48	78.33	38.89	1.25	--	
6/21/2021 10:45	13.33	2.24	54.42	8.58	1.58	78.57	39.63	1.25	--	
6/21/2021 10:45	15.82	1.45	52.49	9.26	1.18	79.01	40.46	1.26	--	
6/21/2021 10:45	13.5	1.91	55.15	8.28	1.36	78.83	41.05	1.27	--	
6/21/2021 10:45	14.32	2.95	55.99	7.1	1.23	80.35	37.92	1.26	--	
6/21/2021 10:46	12.77	3.02	58.96	6.21	1.2	80.95	39.43	1.26	--	
6/21/2021 10:46	12.49	3.78	59.59	4.54	1.19	80.39	36.54	1.26	--	
6/21/2021 10:46	14.15	2.21	57.38	7.24	0.98	80.97	35.98	1.25	--	
6/21/2021 10:46	12.84	4.42	61.85	3.27	1.03	82.37	41.72	1.26	--	
6/21/2021 10:46	13.04	2.93	57.9	6.56	1.29	80.43	36.43	1.28	--	
6/21/2021 10:46	13.7	3.28	59.51	5.55	1.06	82.04	39.84	1.28	--	
6/21/2021 10:46	13.76	1.56	55.65	8.37	1.29	79.34	38.14	1.28	--	
6/21/2021 10:46	13.84	2.14	55.71	8.09	1.24	79.78	38.3	1.27	--	
6/21/2021 10:46	13.42	1.72	56.21	8.1	1.27	79.45	36.99	1.28	--	
6/21/2021 10:46	13.99	3.3	57.36	6.22	1.19	80.86	38.85	1.28	--	
6/21/2021 10:46	12.36	3.09	55.45	7.48	1.57	78.38	38.47	1.26	--	
6/21/2021 10:46	12.7	3.54	58.04	5.44	1.18	79.72	37.04	1.25	--	
6/21/2021 10:46	14.95	1.98	55.24	7.7	1.3	79.87	38.49	1.24	--	
6/21/2021 10:46	0	0	0	0	0	0	73.56	0.94	--	
6/21/2021 10:46	0	0	0	0	0.2	0	87.51	0.94	--	
6/21/2021 10:46	0.99	0.81	0	0.1	0	1.9	75.43	0.94	--	
6/21/2021 10:46	0.67	0.27	0	0	0	0.94	80.19	0.94	--	
6/21/2021 10:46	0	0.76	0	0	0	0.76	84.03	0.94	--	
6/21/2021 10:47	0	0.61	0	0.04	0	0.66	77.37	0.94	--	
6/21/2021 10:47	0	0.5	0	0	0.18	0.5	85.55	0.94	--	
6/21/2021 10:47	0	0.98	0	0	0	0.98	79.35	0.94	--	
6/21/2021 10:47	0	0	0	0.15	0	0.15	82.03	0.94	--	
6/21/2021 10:47	0	1.46	0	0	0	1.46	85.96	0.94	--	
6/21/2021 10:47	0	0.39	0	0	0	0.39	83.29	0.94	--	
6/21/2021 10:47	0.88	1.42	0	0	0	2.3	82.59	0.94	--	
6/21/2021 10:47	0	0.52	0	0	0	0.52	81.5	0.93	--	
6/21/2021 10:47	0	0	0	0	0	0	81.52	0.93	--	
6/21/2021 11:24	1	2.01	0	0	0	3.01	50.36	0.94	--	
6/21/2021 11:24	7.64	0.95	31.54	8.8	2.65	48.93	45.13	1.31	--	
6/21/2021 11:24	10.25	1.85	38.64	5.22	1.84	55.96	47.8	1.32	--	
6/21/2021 11:24	14.25	1.46	32.25	7.41	2	55.37	34.63	1.33	--	
6/21/2021 11:24	4.55	5.22	43.76	1.59	1.9	55.12	36.64	1.34	--	
6/21/2021 11:24	8.28	4.33	39.24	3.45	1.96	55.31	38.09	1.35	--	
6/21/2021 11:24	10.1	2.95	38.13	3.7	2.04	54.88	45.21	1.36	--	
6/21/2021 11:24	12.3	2.03	32.65	6.19	2.1	53.18	42.94	1.34	--	
6/21/2021 11:25	8.7	4.62	37.83	4.06	2.22	55.2	44.8	1.35	--	
6/21/2021 11:25	6.01	5.63	45.48	0	1.94	57.12	42.94	1.34	--	
6/21/2021 11:25	5.86	3.53	39.81	4.22	2.56	53.42	44.53	1.37	--	
6/21/2021 11:25	6.72	4.94	42.93	2.29	2.19	56.88	38.2	1.35	--	
6/21/2021 11:25	8.92	3.2	38.42	4.84	1.97	55.38	39.49	1.34	--	
6/21/2021 11:25	11.64	1.35	32.25	8.76	2.18	54	39.73	1.34	--	
6/21/2021 11:25	9.2	2.01	32.22	8.36	2.49	51.8	37.7	1.34	--	
6/21/2021 11:25	5.57	4.7	41.77	2.29	2.35	54.32	42.3	1.35	--	
6/21/2021 11:25	12.41	1.63	32.56	7.96	1.86	54.56	42.13	1.34	--	
6/21/2021 11:25	12.05	2.13	34.95	6.19	1.9	55.32	42.14	1.33	--	
6/21/2021 11:25	11.18	1.9	35.17	6.86	2.04	55.11	46.37	1.33	--	
6/21/2021 11:25	9.05	2.03	36.06	7.16	2.36	54.3	40.02	1.31	--	
6/21/2021 11:25	10.22	2.29	37.25	5.79	2.15	55.54	44.72	1.31	--	
6/21/2021 11:25	8.68	2.74	36.74	5.23	2.12	53.39	44.12	1.37	--	
6/21/2021 11:25	8.17	2.75	37.98	4.26	2.02	53.17	42.63	1.69	--	
6/21/2021 11:25	8.38	2.65	37.02	4.55	2.09	52.6	44.27	1.92	--	
6/21/2021 11:25	8.3	3.16	37.4	4.35	2.06	53.21	43	1.9	--	
6/21/2021 11:25	8.81	2.31	37.32	5.31	2.09	53.75	43.46	1.92	--	
6/21/2021 11:25	8.61	3.06	38.53	4.47	2.11	54.67	43.68	1.93	--	
6/21/2021 11:26	8.1	3.29	38.54	4.07	2.09	54	44.58	1.93	--	
6/21/2021 11:26	8.43	2.67	38.22	4.44	2.16	53.77	43.41	1.92	--	
6/21/2021 11:26	8.4	2.66	37.33	5.08	2.11	53.46	43.51	1.91	--	
6/21/2021 11:26	8.48	2.83	38.29	4.42	2.08	54.02	44.1	1.94	--	
6/21/2021 11:26	8.4	2.93	38.37	4.35	2.05	54.05	44.04	1.94	--	
6/21/2021 11:26	9.35	2.58	37.33	5.39	2.13	54.65	43.66	1.94	--	
6/21/2021 11:26	8.98	2.97	38.92	4.66	2.11	55.54	44.58	1.95	--	
6/21/2021 11:26	9.38	2.73	37.62	4.96	1.98	54.69	43.9	1.95	--	
6/21/2021 11:26	8.84	2.72	37.62	4.93	2.05	54.1	43.71	1.95	--	
6/21/2021 11:26	9.58	3.13	37.49	4.79	1.99	54.99	43.76	1.94	--	
6/21/2021 11:26	8.72	3.08	38.53	4.59	1.93	54.91	43.44	1.95	--	
6/21/2021 11:26	8.58	2.73	37	4.86	2.01	53.17	42.91	1.96	--	
6/21/2021 11:26	9.02	2.77	37.61	5.17	2.02	54.58	43.6	1.96	--	
6/21/2021 11:26	9.66	2.97	37.51	4.82	1.92	54.96	43.5	1.95	--	
6/21/2021 11:26	8.95	2.61	37.11	5.09	2.01	53.77	42.61	1.95	--	
6/21/2021 11:26	9.34	2.77	37.99	4.92	1.95	55.03	42.6	1.95	--	
6/21/2021 11:26	9.02	2.85	38.25	4.44	1.94	54.56	42.8	1.92	--	
6/21/2021 11:26	10.3	2.72	36.76	6.02	1.81	55.79	43.19	1.41	--	
6/21/2021 11:27	0	1.1	13.96	0.28	1.04	15.33	63.68	1.02	--	
6/21/2021 11:27	0	0.39	0	0	0	0.39	74.11	0.95	--	
6/21/2021 11:27	0	1.18	0	0	0.06	1.18	88.74	0.94	--	
6/21/2021 11:27	0	1.08	0.28	0	0	1.36	83.15	0.94	--	
6/21/2021 11:27	0	0	0	0	0.33	0	77.47	0.95	--	
6/21/2021 11:27	0	1.3	0	0	0	1.3	84.91	0.95	--	
6/21/2021 11:27	0	0.31	0	0	0	0.31	82.86	0.95	--	
6/21/2021 11:27	0	1.1	0	0	0.14	1.1	83.99	0.95	--	
6/21/2021 11:27	0.31	0.89	0	0	0.07	1.2	82.51	0.94	--	
6/21/2021 11:27	0	0	0	0.27	0	0.27	76.94	0.95	--	
6/21/2021 11:27	0	0.41	2.43	0	0.02	2.84	82.87	0.94	--	
6/21/2021 11:55	0	0	0	0	0.17	0	88.85	0.97	--	
6/21/2021 11:55	10.06	6.39	6.98	8.93	2.23	32.35	52.28	1.26	--	
6/21/2021 11:55	11.59	10.65	10.85	2.78	1.83	35.87	49.14	1.28	--	
6/21/2021 11:56	11.51	9.65	13.05	2.24	1.58	36.46	46.76	1.25	--	
6/21/2021 11:56	14.49	7.29	5.31	6.8	1.99	33.89	48.02	1.27	--	
6/21/2021 11:56	15.2	7.69	5.09	7.07	1.79	35.04	45.01	1.3	--	
6/21/2021 11:56	10.89	7.06	7.34	7.17	1.85	32.46	47.03	1.34	--	
6/21/2021 11:56	12.88	7.67	7.15	6.13	1.7	33.83	45.98	1.36	--	
6/21/2021 11:56	12.57	8.02	6.94	6.27	1.83	33.81	48.39	1.39	--	
6/21/2021 11:56	13.97	7.63	7.55	5.57	1.59	34.73	45.23	1.37	--	
6/21/2021 11:56	10.38	7.83	9.28	5.31	2.08	32.8	45.97	1.36	--	
6/21/2021 11:56	14.61	6.64	4.15	8.43	1.76	33.83	45.69	1.37	--	
6/21/2021 11:56	10.57	8.98	10.49	4.51	1.91	34.56	48.09	1.38	--	
6/21/2021 11:56	16.09	6.76	3.4	8.45	1.66	34.71	48.68	1.35	--	
6/21/2021 11:56	9.82	7.42	9.03	6.03	2.24	32.3	48.61	1.36	--	
6/21/2021 11:56	17.7	7.07	2.19	8.43	1.73	35.39	48.41	1.39	--	
6/21/2021 11:56	13.29	7.56	7.57	6.07	1.74	34.49	46.7	1.37	--	
6/21/2021 11:56	12.26	10.44	10.36	3.28	1.68	36.35	45.64	1.38	--	
6/21/2021 11:56	13.06	7.94	8.13	5.11	1.57	34.24	48.73	1.37	--	
6/21/2021 11:56	11.99	8.62	7.72	5.39	1.82	33.72	47.72	1.39	--	
6/21/2021 11:56	14.18	8.3	7.1	5.79	1.66	35.37	50.75	1.41	--	
6/21/2021 11:57	11.79	8.28	6.88	6.5	1.99	33.46	48.64	1.4	--	
6/21/2021 11:57	12.06	7.28	6.14	6.3	1.83	31.77	49.09	1.79	--	
6/21/2021 11:57	11.66	8.13	7.64	5.44	1.75	32.87	48.15	1.92	--	
6/21/2021 11:57	11.71	7.63	6.77	5.91	1.81	32.02	48.22	1.96	--	
6/21/2021 11:57	12	8.2	6.72	5.97	1.81	32.89	49.18	1.95	--	
6/21/2021 11:57	11.53	8.02	6.74	6.06	1.81	32.36	49.3	1.93	--	
6/21/2021 11:57	12.49	7.99	6.3	6.24	1.78	33.02	49.15	1.93	--	
6/21/2021 11:57	12.13	8.72	7.44	5.13	1.67	33.41	47.69	1.95	--	
6/21/2021 11:57	11.56	8.53	8.7	4.48	1.66	33.26	48.1	1.92	--	
6/21/2021 11:57	11.91	7.82	7.23	5.53	1.74	32.5	48.18	1.9	--	
6/21/2021 11:57	12.22	7.9	7.03	5.75	1.74	32.9	49.04	1.9	--	
6/21/2021 11:57	12.54	8.86	7.27	5.57	1.72	34.24	48.62	1.92	--	
6/21/2021 11:57	11.9	8.35	7.76	5.53	1.77	33.53	49.53	1.93	--	
6/21/2021 11:57	12.59	7.86	6.34	6.33	1.78	33.12	49.63	1.93	--	
6/21/2021 11:57	12.12	7.84	6.27	6.27	1.84	32.5	50.14	1.95	--	
6/21/2021 11:57	12.09	8.33	7.34	5.44	1.78	33.21	51.28	1.95	--	
6/21/2021 11:57	12.09	8.21	7.33	5.85	1.78	33.48	50.32	1.93	--	
6/21/2021 11:57	12.16	7.33	6.99	6.17	1.81	32.65	48.86	1.92	--	
6/21/2021 11:58	11.93	8.12	6.8	5.85	1.74	32.71	47.38	1.93	--	
6/21/2021 11:58	11.92	7.77	6.15	6.45	1.79	32.3	47.82	1.87	--	
6/21/2021 11:58	11.87	8.23	6.9	6.01	1.81	33.01	48.74	1.89	--	
6/21/2021 11:58	12.46	7.86	6.33	6.57	1.82	33.22	50.39	1.9	--	
6/21/2021 11:58	11.96	8.55	7.51	5.55	1.78	33.58	50.56	1.99	--	
6/21/2021 11:58	12.02	8.08	7.01	5.52	1.79	32.63	51.23	2.36	--	
6/21/2021 11:58	12.1	8.26	7.23	5.71	1.79	33.31	50.94	2.31	--	
6/21/2021 11:58	11.9	8	7.21	5.55	1.74	32.66	49.3	2.29	--	
6/21/2021 11:58	11.6	7.69	7.06	5.61	1.8	31.97	49.63	2.34	--	
6/21/2021 11:58	11.76	8.35	7.36	5.62	1.78	33.09	49.33	2.35	--	
6/21/2021 11:58	11.98	8.17	6.85	5.84	1.71	32.84	48.38	2.32	--	
6/21/2021 11:58	11.86	8.09	7.33	5.3	1.54	32.58	43.53	2.31	--	
6/21/2021 11:58	12.23	7.63	7.24	5.52	1.61	32.63	44.63	2.3	--	
6/21/2021 11:58	12.19	6.18	7.41	5.81	1.68	31.59	45.34	2.31	--	
6/21/2021 11:58	11.52	7.61	7.27	5.47	1.68	31.87	47.21	2.3	--	
6/21/2021 11:58	11.75	7.9	6.87	5.75	1.69	32.27	46.9	2.34	--	
6/21/2021 11:58	11.5	7.88	7.04	5.89	1.75	32.31	47.23	2.35	--	
6/21/2021 11:58	11.77	7.74	7.21	5.77	1.75	32.48	46.64	2.36	--	
6/21/2021 11:58	11.6	7.49	7.26	5.84	1.79	32.19	47.3	2.33	--	
6/21/2021 11:59	11.48	8.62	7.47	5.56	1.76	33.12	47.07	2.33	--	
6/21/2021 11:59	11.91	7.78	7.98	5.04	1.62	32.71	45.15	2.35	--	
6/21/2021 11:59	11.56	7.74	7.19	5.4	1.58	31.9	43.76	2.35	--	
6/21/2021 11:59	11.88	7.73	7.37	5.25	1.6	32.23	45.26	2.3	--	
6/21/2021 11:59	11.77	8.29	7.47	5.43	1.7	32.95	47.8	2.31	--	
6/21/2021 11:59	11.76	8.22	7.56	5.24	1.66	32.79	48.33	2.27	--	
6/21/2021 11:59	11.89	6.66	6.32	6.61	1.56	31.48	42.77	1.44	--	
6/21/2021 11:59	0	0	0	0	0.39	0	75.97	0.97	--	
6/21/2021 11:59	0	0	0	0	0	0	82.09	0.97	--	
6/21/2021 11:59	0	0.56	1.28	0	0	1.84	84.25	0.96	--	
6/21/2021 11:59	0	0.94	0	0	0	0.94	80.99	0.96	--	
6/21/2021 11:59	0	0	0	0	0	0	83.46	0.96	--	
6/21/2021 11:59	0.03	1.37	0	0	0	1.4	78.82	0.96	--	
6/21/2021 11:59	1.01	0	0	0.63	0	1.64	84.09	0.96	--	
6/21/2021 11:59	0	1.56	0	0	0.14	1.56	90.73	0.96	--	
6/21/2021 11:59	0	0	0	0	0.06	0	87.03	0.97	--	
6/21/2021 11:59	0	0	0	0	0	0	88.5	0.96	--	
6/21/2021 11:59	0	0.13	0	0	0	0.13	83.2	0.96	--	
6/21/2021 12:00	0	0.58	0	0.16	0	0.74	75.79	0.97	--	
6/21/2021 12:00	0	0.38	0	0	0	0.38	91.12	0.96	--	
6/21/2021 12:00	0	0.14	0	0	0.07	0.14	77.78	0.96	--	
6/21/2021 12:00	0	0	0	0	0	0	81.6	0.96	--	
6/21/2021 12:00	0	0.49	0	0	0.27	0.49	81.05	0.96	--	
6/21/2021 12:31	7.61	11.56	4.01	6.27	2.1	29.45	33.13	1.27	--	
6/21/2021 12:31	11.78	10.25	3.96	5.88	1.71	31.87	37.86	1.27	--	
6/21/2021 12:31	11.53	12.05	5.81	3.42	1.45	32.81	36.23	1.25	--	
6/21/2021 12:31	6.35	12.49	15.2	0	0.93	34.04	42.78	1.25	--	
6/21/2021 12:31	16.36	11.21	4.5	3.97	1.02	36.03	50.22	1.26	--	
6/21/2021 12:32	10.08	4.99	0	7.06	0.67	22.12	28.35	1.26	--	
6/21/2021 12:32	10.88	8.49	1.37	5.63	1.55	26.36	14.85	1.26	--	
6/21/2021 12:32	2.89	11.21	10.43	2.74	1.98	27.27	36	1.26	--	
6/21/2021 12:32	1.59	14.11	15.69	0.11	0.9	31.51	29.79	1.26	--	
6/21/2021 12:32	1.66	6.11	7.78	4.07	1.4	19.62	26.77	1.26	--	
6/21/2021 12:32	4.44	5.6	0	9.41	2.17	19.45	34.71	1.25	--	
6/21/2021 12:32	8.74	6.8	0	9.48	2.57	25.02	39.08	1.26	--	
6/21/2021 12:32	6.4	7.62	3.74	5.04	1.8	22.81	30.18	1.25	--	
6/21/2021 12:32	11.8	10.66	0	6.49	1.8	28.95	28.38	1.24	--	
6/21/2021 12:32	7.55	10.41	8.7	3.71	1.59	30.37	39.79	1.22	--	
6/21/2021 12:32	9.01	6.83	0	9.12	1.61	24.96	33.65	1.25	--	
6/21/2021 12:32	6.82	11.16	10.42	3.31	1.41	31.72	38.92	1.23	--	
6/21/2021 12:32	12.13	7.97	0	8.67	1.72	28.77	31.49	1.25	--	
6/21/2021 12:32	4.36	9.25	7.51	5.63	1.88	26.76	36.92	1.32	--	
6/21/2021 12:32	13.59	10.14	1.75	5.58	1.99	31.05	36.78	1.32	--	
6/21/2021 12:32	6.96	11.08	8.47	4.72	1.84	31.22	39.58	1.32	--	
6/21/2021 12:32	7.1	10.93	6.86	4.89	1.83	29.77	41.06	1.85	--	
6/21/2021 12:32	7.74	11.8	6.53	5.28	1.71	31.35	40.15	1.97	--	
6/21/2021 12:33	7.75	11.5	6.48	5.56	1.82	31.3	40.82	1.98	--	
6/21/2021 12:33	7.91	11.62	6.45	5.27	1.69	31.26	39.25	1.98	--	
6/21/2021 12:33	7.97	10.55	5.9	5.68	1.6	30.11	36.56	1.97	--	
6/21/2021 12:33	7.74	11.66	6.7	5.11	1.54	31.21	34.99	1.98	--	
6/21/2021 12:33	7.66	11.09	7.26	4.7	1.52	30.71	34.05	1.97	--	
6/21/2021 12:33	7.71	11.15	6.84	5.26	1.58	30.96	35.76	1.98	--	
6/21/2021 12:33	7.85	11.41	7.08	4.95	1.53	31.29	35.78	1.96	--	
6/21/2021 12:33	7.5	11.59	7.16	4.87	1.61	31.11	35.79	1.91	--	
6/21/2021 12:33	7.94	10.23	6.77	5.25	1.62	30.19	37.06	1.91	--	
6/21/2021 12:33	7.99	10.89	6.47	5.51	1.66	30.86	37.64	1.95	--	
6/21/2021 12:33	8.13	11.6	6.12	5.72	1.62	31.57	36.01	1.97	--	
6/21/2021 12:33	7.83	11.32	7.1	4.97	1.6	31.21	35.22	2	--	
6/21/2021 12:33	7.36	11.06	7.51	4.9	1.61	30.83	35.18	2	--	
6/21/2021 12:33	7.77	11.09	7.09	4.98	1.58	30.93	35.06	1.97	--	
6/21/2021 12:33	7.97	10.96	6.79	5.29	1.59	31.01	34.84	1.98	--	
6/21/2021 12:33	8.02	12.12	6.86	5.16	1.54	32.16	34.67	1.94	--	
6/21/2021 12:33	7.93	12.66	6.82	4.97	1.53	32.38	34.77	1.85	--	
6/21/2021 12:33	8.01	11.8	6.84	5.45	1.64	32.1	36.86	1.82	--	
6/21/2021 12:34	7.71	12.49	7.62	5	1.56	32.82	35.24	1.92	--	
6/21/2021 12:34	7.61	11.87	6.84	5.27	1.68	31.59	37.33	2.32	--	
6/21/2021 12:34	7.99	11.96	6.76	5.11	1.6	31.83	36.66	2.46	--	
6/21/2021 12:34	7.75	10.97	6.16	5.8	1.68	30.68	37.39	2.44	--	
6/21/2021 12:34	7.62	12.34	6.96	4.9	1.64	31.82	38.13	2.41	--	
6/21/2021 12:34	7.69	11.43	6.73	5.1	1.61	30.96	36.61	2.42	--	
6/21/2021 12:34	7.53	11.64	6.41	5.26	1.64	30.84	36.89	2.86	--	
6/21/2021 12:34	7.28	11.01	6.75	4.9	1.65	29.94	37.52	2.93	--	
6/21/2021 12:34	7.68	10.78	6.73	5.01	1.59	30.2	36.2	2.94	--	
6/21/2021 12:34	7.86	11.71	7.16	4.9	1.56	31.63	35.32	2.95	--	
6/21/2021 12:34	7.93	11.11	6.17	5.88	1.7	31.08	34.73	2.95	--	
6/21/2021 12:34	8.02	12.12	6.74	5	1.58	31.88	36.75	2.93	--	
6/21/2021 12:34	7.9	11.81	5.94	5.71	1.64	31.36	38.75	2.9	--	
6/21/2021 12:34	7.48	12.04	6.77	4.89	1.61	31.17	38.32	2.81	--	
6/21/2021 12:34	7.72	11.85	7.1	4.79	1.61	31.46	37.18	2.82	--	
6/21/2021 12:34	7.98	11.64	7.5	4.8	1.6	31.91	36.91	2.89	--	
6/21/2021 12:34	8.23	11.71	6.65	5.42	1.61	32.01	37.04	2.93	--	
6/21/2021 12:34	7.92	12.23	7.3	4.69	1.56	32.14	37.39	2.93	--	
6/21/2021 12:34	8.02	9.92	7.09	5.29	1.66	30.32	38.24	2.95	--	
6/21/2021 12:35	7.59	12.62	8.24	3.77	1.56	32.23	38.02	2.93	--	
6/21/2021 12:35	8.02	12.17	6.44	5.37	1.64	31.99	38.31	2.91	--	
6/21/2021 12:35	7.71	11.16	7.07	4.74	1.61	30.69	37.73	2.82	--	
6/21/2021 12:35	7.71	11.25	6.2	5.53	1.68	30.69	38.52	2.8	--	
6/21/2021 12:35	7.88	10.75	6.58	5.3	1.7	30.51	38.9	2.87	--	
6/21/2021 12:35	7.89	11.7	6.86	4.93	1.66	31.39	39.7	2.86	--	
6/21/2021 12:35	7.72	11.09	6.26	5.56	1.81	30.63	42.04	2.91	--	
6/21/2021 12:35	7.21	11.2	6.49	5.4	1.72	30.3	39.39	3.17	--	
6/21/2021 12:35	7.72	11.45	6.32	5.37	1.64	30.84	38.25	3.48	--	
6/21/2021 12:35	7.33	10.33	6.84	4.94	1.58	29.44	35.36	3.86	--	
6/21/2021 12:35	7.78	10.84	6.22	5.15	1.46	29.99	33.73	3.89	--	
6/21/2021 12:35	7.67	11.37	6.75	4.7	1.43	30.49	33.3	3.83	--	
6/21/2021 12:35	7.61	11.47	7.31	4.42	1.43	30.81	33.93	3.81	--	
6/21/2021 12:35	7.32	10.79	7.07	4.37	1.48	29.55	34.09	3.86	--	
6/21/2021 12:35	7.45	10.92	7.22	4.58	1.45	30.16	34.19	3.88	--	
6/21/2021 12:35	7.38	11.21	7.5	4.68	1.48	30.77	34.64	3.89	--	
6/21/2021 12:35	7.79	11.08	6.97	4.59	1.46	30.43	34.42	3.91	--	
6/21/2021 12:35	7.83	11.88	7.76	4.64	1.47	32.11	33.63	3.9	--	
6/21/2021 12:36	7.55	10.76	6.82	4.81	1.45	29.94	33.78	3.87	--	
6/21/2021 12:36	7.56	10.58	7.55	4.27	1.45	29.97	33.07	3.78	--	
6/21/2021 12:36	7.5	10.76	6.37	4.86	1.5	29.49	33.98	3.68	--	
6/21/2021 12:36	7.82	11.23	6.46	5.01	1.5	30.53	35.01	3.65	--	
6/21/2021 12:36	7.37	11.89	7.85	4.09	1.5	31.2	34.5	3.78	--	
6/21/2021 12:36	7.78	11.21	7.44	4.17	1.43	30.59	33.24	3.86	--	
6/21/2021 12:36	8.17	11.02	6.87	4.94	1.41	31.01	32.42	3.83	--	
6/21/2021 12:36	7.59	11.06	7.29	4.21	1.36	30.17	32.23	3.84	--	
6/21/2021 12:36	7.61	10.92	7.65	4.6	1.41	30.77	31.6	3.85	--	
6/21/2021 12:36	7.65	10.79	7.53	4.16	1.35	30.13	31.1	3.83	--	
6/21/2021 12:36	7.55	10.78	7.1	4.5	1.33	29.94	30.3	3.86	--	
6/21/2021 12:36	7.45	10.7	6.52	4.67	1.41	29.34	32.01	3.51	--	
6/21/2021 12:36	7.57	11.85	7.11	4.49	1.6	31.03	38.19	2.98	--	
6/21/2021 12:36	7.7	11.27	6.55	5.1	1.74	30.62	42.13	2.8	--	
6/21/2021 12:36	7.7	11.16	6.5	5.35	1.73	30.72	41.17	2.57	--	
6/21/2021 12:36	7.98	12.26	6.46	5.28	1.75	31.97	43.23	2.34	--	
6/21/2021 12:36	7.87	10.75	6.34	5.53	1.8	30.48	44.16	2.05	--	
6/21/2021 12:36	8.63	10.7	5.7	5.82	1.85	30.85	44.87	1.81	--	
6/21/2021 12:37	9.35	11.71	7.49	3.96	1.64	32.5	45.99	1.46	--	
6/21/2021 12:37	0	0	0	0	0	0	69.47	0.97	--	
6/21/2021 12:37	0	0.05	0	0.57	0	0.62	77.42	0.97	--	
6/21/2021 12:37	0	0	0	0	0.1	0	90.47	0.96	--	
6/21/2021 12:37	0	1.04	0	0	0	1.04	86.47	0.96	--	
6/21/2021 12:37	0.42	0.09	0	0	0.06	0.51	83.79	0.96	--	
6/21/2021 12:37	0	0	0	0	0.15	0	80.9	0.96	--	
6/21/2021 12:37	0.42	0	0	0	0	0.42	86.29	0.96	--	
6/21/2021 12:37	0	0	0	0	0.27	0	78.86	0.95	--	
6/21/2021 12:37	0	1.75	0	0	0	1.75	85.96	0.96	--	
6/21/2021 12:37	0	0	0	0	0.08	0	83.01	0.96	--	
